## SPL DATA
	Standard	#1 Test	#2 Test	#3 Test	#4 Test	#5 Test	#6 Test	#7 Test	#8 Test	#9 Test	#10 Test	#1 Thường	#2 Thường	#3 Thường	#4 Thường	#5 Thường	#6 Thường	#7 Thường	#8 Thường	#9 Thường	#10 Thường
20	87.794	88.727	88.759	89.54	89.154	89.04	89.334	88.489	88.29	88.754	89.443	88.901	88.859	88.992	88.894	89.018	89.147	88.834	88.786	89.476	89.24
21.2	88.756	89.603	89.61	90.332	90.054	89.911	90.195	89.265	89.116	89.647	90.322	89.85	89.735	89.678	89.525	89.908	90.031	89.522	89.904	90.278	90.086
22.4	89.444	90.216	90.47	91.167	90.749	90.65	90.949	89.913	89.896	90.511	91.124	90.549	90.503	90.201	90.463	90.574	90.768	90.506	90.379	91.145	90.971
23.6	90.051	91.062	91.072	91.789	91.532	91.449	91.567	90.779	90.653	91.136	91.76	91.217	91.124	91.034	91.034	91.231	91.543	91.127	91.102	91.789	91.599
25	90.728	91.705	91.919	92.484	92.196	92.236	92.336	91.474	91.424	91.878	92.661	91.96	91.837	91.843	91.835	91.902	92.228	91.907	91.947	92.536	92.302
26.5	91.66	92.473	92.743	93.318	92.979	93.022	92.962	92.132	92.212	92.644	93.308	92.769	92.667	92.574	92.611	92.692	93.061	92.65	92.652	93.298	93.204
28	92.338	93.158	93.576	94.11	93.677	93.711	93.77	92.955	92.918	93.303	94.108	93.467	93.421	93.319	93.434	93.445	93.766	93.297	93.274	94.083	93.879
30	93.288	94.097	94.442	95.01	94.577	94.54	94.72	93.865	93.827	94.32	95.012	94.426	94.375	94.167	94.261	94.372	94.582	94.124	94.287	94.991	94.735
31.5	93.86	94.704	95.093	95.51	95.226	95.331	95.327	94.592	94.482	95	95.733	95.034	94.892	94.799	94.92	95.019	95.293	94.866	94.837	95.642	95.319
33.5	94.728	95.537	95.825	96.292	96.104	96.029	96.165	95.347	95.314	95.764	96.458	95.969	95.701	95.579	95.695	95.798	96.175	95.712	95.656	96.52	96.216
35.5	95.468	96.269	96.62	97.015	96.862	96.819	96.917	96.015	96.091	96.53	97.226	96.642	96.438	96.289	96.416	96.517	97.05	96.462	96.379	97.375	96.999
37.5	96.224	96.954	97.338	97.668	97.487	97.599	97.636	96.758	96.868	97.227	97.995	97.307	97.168	96.993	97.213	97.227	97.589	97.152	97.094	97.961	97.686
40	97.12	97.76	98.212	98.498	98.267	98.396	98.408	97.584	97.659	98.145	98.797	98.12	97.966	97.779	97.984	98.071	98.456	97.986	97.866	98.815	98.563
42.5	97.939	98.567	99.046	99.251	99.066	99.126	99.214	98.404	98.431	98.851	99.576	98.928	98.763	98.54	98.805	98.935	99.176	98.78	98.651	99.614	99.325
45	98.606	99.261	99.749	99.968	99.79	99.827	99.905	99.071	99.158	99.648	100.399	99.647	99.421	99.239	99.475	99.545	99.971	99.472	99.323	100.348	100.02
47.5	99.318	99.944	100.371	100.588	100.433	100.648	100.596	99.74	99.848	100.281	101.065	100.339	100.121	99.851	100.202	100.167	100.657	100.07	99.98	101.047	100.708
50	100.076	100.594	101.063	101.202	101.253	101.302	101.184	100.199	100.507	100.966	101.701	101.019	100.723	100.427	100.9	100.829	101.255	100.759	100.63	101.693	101.394
53	100.738	101.242	101.771	101.893	101.856	102.022	101.951	101.101	101.251	101.703	102.399	101.671	101.453	101.164	101.523	101.507	101.924	101.406	101.28	102.415	102.061
56	101.505	101.861	102.421	102.519	102.447	102.698	102.594	101.688	102.106	102.409	103.07	102.376	102.07	101.804	102.185	102.186	102.71	102.095	101.988	103.157	102.672
60	102.367	102.712	103.264	103.278	103.301	103.53	103.477	102.608	102.779	103.242	103.96	103.231	102.874	102.532	102.98	103.007	103.481	102.898	102.735	103.982	103.583
63	102.986	103.258	103.865	103.824	103.854	104.13	104.002	103.17	103.435	103.814	104.583	103.814	103.551	103.104	103.584	103.558	104.094	103.475	103.252	104.562	104.166
67	103.766	103.982	104.596	104.491	104.585	104.866	104.706	103.886	104.2	104.546	105.29	104.528	104.151	103.79	104.288	104.278	104.825	104.19	104.001	105.296	104.903
71	104.488	104.641	105.278	105.144	105.251	105.548	105.375	104.513	104.847	105.252	105.986	105.202	104.846	104.374	105.003	104.885	105.498	104.839	104.662	106.017	105.557
75	105.163	105.217	105.918	105.724	105.862	106.185	106.027	105.185	105.511	105.892	106.632	105.808	105.417	105.005	105.612	105.525	106.114	105.462	105.265	106.647	106.191
80	105.976	105.95	106.661	106.419	106.605	106.939	106.753	105.907	106.267	106.644	107.384	106.544	106.16	105.697	106.342	106.238	106.862	106.195	105.95	107.412	106.926
85	106.694	106.615	107.349	107.076	107.276	107.618	107.4	106.574	106.962	107.31	108.039	107.26	106.821	106.345	107.001	106.88	107.549	106.854	106.614	108.104	107.613
90	107.403	107.226	108.004	107.677	107.888	108.281	108.039	107.2	107.609	107.972	108.705	107.872	107.429	106.911	107.64	107.49	108.179	107.498	107.225	108.758	108.246
95	108.053	107.828	108.58	108.235	108.471	108.863	108.623	107.781	108.228	108.544	109.305	108.491	108.001	107.472	108.22	108.06	108.772	108.084	107.814	109.366	108.827
100	108.63	108.379	109.148	108.764	109.031	109.449	109.196	108.352	108.798	109.128	109.862	109.052	108.539	108.013	108.766	108.588	109.335	108.622	108.35	109.93	109.382
106	109.32	108.988	109.798	109.361	109.669	110.074	109.798	108.968	109.428	109.745	110.501	109.655	109.146	108.614	109.401	109.203	109.959	109.247	108.956	110.567	110.009
112	109.941	109.576	110.389	109.936	110.237	110.676	110.397	109.557	110.038	110.351	111.079	110.266	109.726	109.158	110	109.78	110.547	109.829	109.55	111.182	110.598
118	110.543	110.114	110.952	110.475	110.785	111.232	110.947	110.109	110.529	110.896	111.64	110.812	110.267	109.704	110.544	110.305	111.098	110.38	110.077	111.744	111.141
125	111.194	110.731	111.558	111.054	111.409	111.857	111.543	110.709	111.153	111.5	112.241	111.4	110.851	110.278	111.158	110.899	111.701	110.975	110.675	112.358	111.749
132	111.801	111.277	112.13	111.594	111.976	112.429	112.104	111.278	111.724	112.083	112.823	111.977	111.405	110.835	111.72	111.446	112.273	111.549	111.235	112.949	112.314
140	112.436	111.903	112.74	112.203	112.571	113.043	112.707	111.891	112.333	112.686	113.436	112.578	111.993	111.398	112.334	112.042	112.869	112.139	111.847	113.559	112.927
150	113.193	112.584	113.457	112.898	113.282	113.767	113.42	112.593	113.017	113.405	114.141	113.29	112.681	112.09	113.032	112.731	113.588	112.831	112.529	114.275	113.636
160	113.876	113.252	114.121	113.545	113.936	114.423	114.07	113.248	113.706	114.054	114.797	113.943	113.329	112.717	113.68	113.366	114.246	113.484	113.175	114.93	114.278
170	114.526	113.843	114.729	114.136	114.539	115.032	114.677	113.849	114.322	114.678	115.414	114.549	113.914	113.295	114.3	113.962	114.854	114.088	113.772	115.551	114.889
180	115.117	114.399	115.306	114.689	115.099	115.603	115.243	114.415	114.918	115.232	115.971	115.105	114.468	113.842	114.858	114.497	115.417	114.637	114.33	116.122	115.453
190	115.653	114.921	115.824	115.206	115.623	116.133	115.77	114.938	115.46	115.762	116.498	115.638	114.978	114.366	115.396	115.011	115.94	115.156	114.854	116.65	115.972
200	116.171	115.417	116.317	115.692	116.115	116.621	116.263	115.43	115.939	116.251	116.991	116.117	115.467	114.831	115.877	115.492	116.431	115.647	115.338	117.143	116.454
212	116.745	115.966	116.876	116.238	116.649	117.175	116.812	115.976	116.5	116.808	117.535	116.67	115.996	115.378	116.425	116.04	116.978	116.187	115.882	117.687	116.997
224	117.277	116.479	117.388	116.741	117.16	117.687	117.319	116.493	117.019	117.319	118.039	117.185	116.503	115.88	116.943	116.544	117.49	116.708	116.389	118.205	117.509
236	117.778	116.969	117.863	117.213	117.63	118.155	117.799	116.977	117.493	117.804	118.499	117.658	116.979	116.357	117.422	117.02	117.962	117.174	116.871	118.684	117.983
250	118.323	117.487	118.385	117.731	118.128	118.68	118.325	117.51	118.015	118.328	119.004	118.19	117.485	116.88	117.941	117.524	118.482	117.701	117.395	119.188	118.491
265	118.85	118.009	118.902	118.239	118.63	119.191	118.841	118.03	118.523	118.844	119.49	118.708	117.98	117.4	118.458	118.025	118.995	118.224	117.919	119.7	119.009
280	119.352	118.503	119.386	118.737	119.089	119.665	119.322	118.511	118.969	119.325	119.922	119.201	118.455	117.878	118.922	118.492	119.459	118.71	118.396	120.173	119.491
300	119.949	119.14	119.987	119.378	119.707	120.24	119.92	119.081	119.491	119.896	120.498	119.794	119.061	118.512	119.506	119.106	120.048	119.334	118.984	120.746	120.089
315	120.362	119.597	120.404	119.831	120.182	120.678	120.344	119.498	119.905	120.316	120.959	120.218	119.518	118.976	119.958	119.563	120.472	119.763	119.438	121.149	120.51
335	120.926	120.151	120.936	120.383	120.732	121.219	120.874	120.094	120.511	120.875	121.492	120.758	120.075	119.537	120.533	120.122	121.001	120.306	120.006	121.644	121.027
355	121.451	120.671	121.415	120.902	121.234	121.702	121.371	120.633	121.068	121.382	121.968	121.263	120.59	120.074	121.052	120.63	121.495	120.817	120.534	122.106	121.519
375	121.939	121.17	121.884	121.392	121.701	122.165	121.838	121.136	121.553	121.858	122.418	121.734	121.078	120.584	121.54	121.124	121.961	121.298	121.024	122.537	121.978
400	122.499	121.754	122.429	121.965	122.257	122.702	122.381	121.725	122.114	122.409	122.941	122.289	121.656	121.187	122.105	121.7	122.502	121.872	121.609	123.046	122.517
425	123.033	122.317	122.936	122.517	122.774	123.205	122.899	122.288	122.657	122.939	123.429	122.816	122.201	121.764	122.651	122.252	123.016	122.417	122.167	123.52	123.029
450	123.545	122.851	123.426	123.049	123.277	123.695	123.403	122.822	123.162	123.449	123.901	123.328	122.733	122.324	123.169	122.787	123.509	122.943	122.703	123.979	123.52
475	124.037	123.37	123.912	123.564	123.767	124.167	123.894	123.349	123.665	123.937	124.353	123.826	123.248	122.865	123.674	123.301	123.991	123.449	123.217	124.417	123.999
500	124.515	123.875	124.375	124.06	124.228	124.625	124.359	123.847	124.135	124.412	124.797	124.305	123.74	123.385	124.164	123.8	124.457	123.947	123.72	124.847	124.459
530	125.068	124.469	124.916	124.644	124.784	125.167	124.908	124.443	124.695	124.962	125.316	124.862	124.322	123.996	124.73	124.387	125.002	124.522	124.306	125.357	125.004
560	125.612	125.047	125.446	125.217	125.314	125.693	125.449	125.017	125.245	125.516	125.832	125.414	124.889	124.593	125.293	124.964	125.538	125.088	124.88	125.848	125.53
600	126.322	125.797	126.147	125.964	126.025	126.381	126.154	125.765	125.952	126.234	126.499	126.129	125.634	125.379	126.023	125.709	126.236	125.826	125.626	126.508	126.235
630	126.846	126.353	126.67	126.518	126.548	126.903	126.682	126.328	126.484	126.762	127.007	126.668	126.182	125.974	126.569	126.263	126.757	126.369	126.18	126.99	126.754
670	127.538	127.089	127.354	127.241	127.24	127.584	127.381	127.054	127.184	127.457	127.67	127.369	126.906	126.724	127.285	126.994	127.446	127.095	126.915	127.646	127.442
710	128.218	127.809	128.04	127.96	127.922	128.259	128.065	127.774	127.886	128.149	128.333	128.063	127.628	127.472	127.989	127.714	128.127	127.807	127.633	128.299	128.126
750	128.891	128.523	128.715	128.667	128.604	128.932	128.748	128.481	128.567	128.838	128.995	128.75	128.33	128.214	128.682	128.422	128.812	128.506	128.343	128.954	128.803
800	129.708	129.376	129.542	129.525	129.44	129.754	129.582	129.34	129.404	129.677	129.815	129.591	129.186	129.087	129.524	129.284	129.643	129.356	129.201	129.763	129.636
850	130.49	130.185	130.334	130.332	130.228	130.55	130.381	130.147	130.197	130.475	130.6	130.39	129.987	129.903	130.321	130.097	130.43	130.162	130.014	130.543	130.437
900	131.219	130.935	131.082	131.093	130.976	131.292	131.13	130.888	130.945	131.218	131.349	131.136	130.73	130.667	131.077	130.855	131.175	130.911	130.769	131.289	131.195
950	131.902	131.621	131.774	131.783	131.661	131.983	131.826	131.579	131.629	131.908	132.043	131.826	131.403	131.326	131.765	131.539	131.867	131.599	131.461	131.989	131.889
1000	132.502	132.214	132.381	132.379	132.26	132.581	132.424	132.17	132.223	132.514	132.66	132.428	131.987	131.904	132.356	132.131	132.471	132.191	132.041	132.607	132.488
1060	133.056	132.733	132.923	132.909	132.802	133.114	132.971	132.697	132.749	133.059	133.21	132.971	132.502	132.401	132.871	132.646	133.013	132.715	132.584	133.19	133.016
1120	133.36	133	133.212	133.178	133.082	133.389	133.258	132.962	133.024	133.338	133.511	133.26	132.757	132.645	133.122	132.912	133.302	132.99	132.849	133.505	133.281
1180	133.27	132.887	133.118	133.07	132.988	133.281	133.149	132.853	132.918	133.227	133.404	133.169	132.648	132.537	132.998	132.798	133.2	132.894	132.746	133.429	133.163
1250	132.681	132.296	132.512	132.467	132.379	132.659	132.542	132.264	132.311	132.633	132.792	132.576	132.056	131.96	132.389	132.206	132.597	132.319	132.149	132.815	132.534
1320	131.667	131.299	131.48	131.461	131.35	131.634	131.508	131.259	131.287	131.608	131.744	131.554	131.056	130.992	131.376	131.205	131.565	131.315	131.145	131.76	131.488
1400	130.213	129.872	130.007	130.021	129.878	130.154	130.033	129.824	129.822	130.152	130.254	130.097	129.624	129.593	129.944	129.772	130.095	129.874	129.707	130.252	130.012
1500	128.315	128.001	128.075	128.131	127.955	128.245	128.109	127.937	127.91	128.229	128.304	128.187	127.734	127.75	128.046	127.874	128.154	127.972	127.816	128.275	128.082
1600	126.541	126.249	126.268	126.368	126.166	126.439	126.313	126.176	126.135	126.445	126.485	126.41	125.978	126.028	126.28	126.111	126.361	126.208	126.058	126.452	126.282
1700	124.983	124.719	124.721	124.834	124.618	124.892	124.762	124.649	124.588	124.901	124.921	124.86	124.458	124.523	124.749	124.602	124.804	124.677	124.526	124.882	124.729
1800	123.656	123.435	123.416	123.549	123.305	123.605	123.453	123.355	123.287	123.596	123.61	123.56	123.169	123.249	123.487	123.322	123.499	123.38	123.236	123.55	123.44
1900	122.534	122.324	122.273	122.425	122.175	122.465	122.325	122.236	122.16	122.469	122.474	122.43	122.043	122.143	122.35	122.195	122.366	122.243	122.124	122.406	122.32
2000	121.554	121.336	121.279	121.444	121.183	121.469	121.322	121.244	121.16	121.479	121.467	121.435	121.057	121.166	121.366	121.197	121.366	121.26	121.127	121.398	121.323
2120	120.564	120.325	120.261	120.443	120.164	120.437	120.303	120.228	120.136	120.47	120.439	120.406	120.046	120.161	120.332	120.185	120.341	120.246	120.113	120.353	120.289
2240	119.686	119.47	119.402	119.588	119.292	119.589	119.431	119.372	119.248	119.607	119.567	119.521	119.177	119.316	119.442	119.319	119.476	119.374	119.256	119.45	119.422
2360	119.069	118.767	118.698	118.887	118.578	118.877	118.714	118.674	118.579	118.902	118.82	118.808	118.454	118.605	118.829	118.605	118.734	118.655	118.525	118.719	118.715
2500	118.307	118.056	117.972	118.21	117.852	118.267	118.015	117.974	117.992	118.273	118.191	118.208	117.832	117.916	118.201	117.995	118.158	117.916	117.8	118.124	118.161
2650	117.669	117.475	117.423	117.731	117.362	117.727	117.522	117.448	117.466	117.667	117.699	117.59	117.314	117.463	117.613	117.382	117.555	117.454	117.328	117.563	117.572
2800	117.193	117.078	117.021	117.308	116.888	117.069	117.075	116.993	116.973	117.251	117.184	117.184	116.842	116.927	116.971	116.902	117.117	116.952	116.828	117.105	117.008
3000	116.494	116.4	116.372	116.68	116.25	116.621	116.404	116.383	116.277	116.605	116.517	116.548	116.244	116.355	116.55	116.324	116.507	116.345	116.278	116.553	116.485
3150	116.298	116.227	116.119	116.472	115.984	116.434	116.175	116.171	116.042	116.375	116.3	116.32	116.005	116.133	116.333	116.123	116.255	116.091	116.034	116.269	116.248
3350	116.236	116.203	116.069	116.466	116.014	116.353	116.176	116.198	116.005	116.354	116.294	116.353	115.967	116.158	116.281	116.071	116.186	116.045	115.969	116.181	116.173
3550	116.56	116.594	116.441	116.838	116.379	116.645	116.542	116.502	116.336	116.733	116.755	116.637	116.271	116.483	116.432	116.379	116.43	116.388	116.227	116.458	116.348
3750	117.241	117.054	116.923	117.252	116.747	117.048	116.934	116.901	116.661	117.104	117.276	117.05	116.723	116.949	116.984	117.002	116.896	116.798	116.747	116.981	116.845
4000	118.414	118.07	117.926	118.401	117.864	118.274	118.043	117.998	117.889	118.371	118.256	118.1	117.879	118.114	118.022	118.06	117.973	117.841	117.726	117.973	118.058
4250	119.636	119.352	119.214	119.623	119.129	119.523	119.213	119.221	119.238	119.565	119.409	119.363	119.01	119.283	119.459	119.411	119.335	119.165	119.19	119.321	119.357
4500	120.772	120.574	120.474	120.842	120.285	120.79	120.38	120.425	120.391	120.777	120.704	120.584	120.223	120.478	120.636	120.506	120.542	120.395	120.345	120.519	120.581
4750	121.927	121.754	121.652	122.157	121.489	122.032	121.67	121.635	121.63	122.051	121.875	121.805	121.554	121.807	121.843	121.681	121.846	121.556	121.55	121.762	121.837
5000	121.917	121.706	121.612	122.173	121.572	122.004	121.721	121.787	121.626	122.117	121.981	121.842	121.668	121.943	121.865	121.672	121.915	121.698	121.607	121.802	121.867
5300	119.82	119.676	119.609	119.931	119.433	119.801	119.619	119.694	119.407	119.957	119.898	119.701	119.491	119.835	119.624	119.791	119.71	119.584	119.499	119.524	119.635
5600	117.046	116.676	116.662	116.923	116.412	116.89	116.657	116.718	116.335	116.932	116.909	116.697	116.648	116.934	116.861	116.849	116.859	116.756	116.603	116.516	116.66
6000	113.755	113.355	113.272	113.506	113.152	113.504	113.365	113.467	113.127	113.556	113.545	113.306	113.306	113.653	113.537	113.726	113.426	113.433	113.266	113.118	113.447
6300	111.782	111.365	111.146	111.435	111.086	111.376	111.419	111.532	111.035	111.573	111.344	111.446	111.41	111.736	111.511	111.785	111.586	111.554	111.363	111.032	111.542
6700	109.743	109.368	109.059	109.505	109.042	109.298	109.334	109.54	109.15	109.635	109.19	109.45	109.527	109.672	109.49	109.758	109.519	109.597	109.36	108.957	109.406
7100	108.372	108.072	107.903	108.223	107.844	107.948	108.183	108.092	107.984	108.334	107.963	108.052	108.18	108.412	108.194	108.339	108.213	108.296	108.088	107.632	108.012
7500	107.821	107.322	107.362	107.407	107.111	107.299	107.45	107.616	107.257	107.525	107.187	107.406	107.373	107.664	107.418	107.674	107.496	107.653	107.432	106.857	107.357
8000	107.653	107.251	107.19	107.365	106.96	107.136	107.255	107.478	107.149	107.368	107.009	107.39	107.253	107.494	107.301	107.422	107.343	107.402	107.268	106.867	107.187
8500	108.525	107.979	107.882	108.41	107.792	108.087	108.17	108.153	108.003	108.392	108.023	108.125	108.063	108.378	108.24	108.274	108.117	108.066	107.955	107.916	108.123
9000	110.625	110.061	110.156	110.907	109.856	110.476	110.288	110.265	110.167	110.622	110.384	110.256	110.09	110.482	110.404	110.39	110.356	110.036	110.019	110.116	110.425
9500	114.407	113.591	113.947	114.839	113.429	114.3	113.978	113.984	113.886	114.414	114.217	114.04	113.7	114.153	114.003	114.081	114.21	113.627	113.729	113.979	114.081
10000	121.282	120.269	120.783	120.434	120.205	120.453	120.885	120.829	120.689	121.273	120.236	120.849	120.444	120.835	120.905	120.858	121.013	120.288	120.504	120.539	120.762
10600	125.632	126.142	125.084	122.342	126.017	123.504	125.366	126.284	125.403	124.535	123.056	125.747	126.032	125.12	125.29	125.666	125.3	126.526	125.702	124.55	124.696
11200	116.016	117.865	115.452	112.873	117.249	114.238	115.788	117.344	116.184	114.734	113.947	116.771	117.189	113.565	116.086	115.283	115.594	117.709	115.793	116.165	114.361
11800	110.721	112.754	109.531	108.183	111.788	109.759	108.975	110.529	110.861	108.745	109.573	111.34	109.271	104.759	109.833	106.067	109.397	110.352	109.292	111.62	107.716
12500	107.964	108.793	106.276	105.617	108.185	107.092	105.333	106.116	107.3	105.5	107.058	107.343	103.977	101.467	106.089	101.719	105.758	105.551	105.897	108.138	104.626
13200	107.148	107.168	105.357	105.212	106.566	106.527	104.546	105.4	105.857	104.782	106.225	105.957	103.028	102.092	105.185	102.385	105.175	104.612	105.269	106.042	104.526
14000	108.69	107.829	106.587	105.982	107.372	107.034	106.341	106.751	106.889	106.215	106.89	107.718	105.463	105.234	107.187	105.493	107.406	107.193	107.362	106.069	106.995
15000	113.455	112.464	111.262	110.457	112.512	111.341	112.948	112.402	111.984	112.208	111.509	112.095	112.571	113.554	112.785	113.479	112.592	114.009	113.179	109.858	112.622
16000	108.644	107.256	106.303	105.524	107.404	106.548	107.971	107.435	106.555	107.17	106.297	107.395	107.8	108.712	107.587	108.336	107.897	109.287	108.488	105.342	107.735
17000	101.343	99.409	99.406	98.556	100.02	98.438	100.832	100.575	99.369	99.72	98.357	99.822	102.324	103.715	100.63	103.356	101.104	102.931	101.64	96.602	100.894
18000	99.455	97.542	98.63	99.601	98.385	96.94	99.468	99.366	99.153	98.171	97.873	98.128	101.676	103.4	99.139	103.118	99.451	101.113	99.885	95.079	99.562
19000	104.002	102.26	103.576	106.052	102.625	101.81	104.685	103.497	103.151	103.294	103.8	102.256	105.219	106.785	103.372	106.713	103.33	104.098	103.226	100.737	103.695
20000	104.655	103.179	103.737	107.407	102.428	102.608	104.468	102.888	102.308	103.723	104.493	102.341	104.044	105.258	102.992	105.325	102.961	103.11	102.478	102.508	103.227

## IMP
	Standard	#1 Test	#2 Test	#3 Test	#4 Test	#5 Test	#6 Test	#7 Test	#8 Test	#9 Test	#10 Test	#1 Thường	#2 Thường	#3 Thường	#4 Thường	#5 Thường	#6 Thường	#7 Thường	#8 Thường	#9 Thường	#10 Thường
20	30.506	31.246	31.315	31.182	31.134	31.139	31.245	31.21	31.172	31.175	31.154	31.203	31.26	31.219	31.182	31.223	31.22	31.206	31.201	31.191	31.266
21.2	30.536	31.249	31.167	31.226	31.169	31.146	31.211	31.192	31.223	31.204	31.197	31.244	31.297	31.26	31.221	31.269	31.259	31.229	31.235	31.229	31.293
22.4	30.575	31.261	31.168	31.245	31.194	31.183	31.237	31.196	31.241	31.225	31.195	31.248	31.346	31.274	31.233	31.287	31.278	31.261	31.248	31.245	31.32
23.6	30.573	31.266	31.175	31.264	31.216	31.208	31.259	31.208	31.224	31.243	31.23	31.281	31.35	31.299	31.255	31.314	31.304	31.28	31.274	31.243	31.337
25	30.582	31.34	31.203	31.286	31.236	31.224	31.279	31.242	31.242	31.262	31.242	31.316	31.355	31.329	31.278	31.338	31.332	31.319	31.286	31.253	31.361
26.5	30.597	31.35	31.219	31.323	31.265	31.244	31.304	31.261	31.259	31.278	31.264	31.318	31.378	31.363	31.294	31.357	31.338	31.348	31.333	31.284	31.416
28	30.621	31.359	31.248	31.34	31.293	31.257	31.321	31.287	31.294	31.302	31.28	31.352	31.394	31.375	31.326	31.382	31.366	31.356	31.352	31.314	31.448
30	30.638	31.377	31.281	31.392	31.331	31.304	31.378	31.319	31.32	31.337	31.334	31.387	31.439	31.43	31.345	31.429	31.409	31.38	31.376	31.336	31.518
31.5	30.657	31.422	31.311	31.44	31.368	31.33	31.387	31.344	31.339	31.367	31.362	31.414	31.458	31.459	31.383	31.46	31.434	31.421	31.415	31.401	31.537
33.5	30.704	31.47	31.368	31.488	31.404	31.371	31.442	31.396	31.409	31.407	31.412	31.455	31.523	31.493	31.432	31.515	31.5	31.473	31.448	31.453	31.594
35.5	30.718	31.515	31.414	31.557	31.45	31.432	31.494	31.438	31.443	31.453	31.448	31.502	31.577	31.555	31.502	31.568	31.53	31.512	31.52	31.498	31.632
37.5	30.768	31.547	31.475	31.627	31.524	31.478	31.543	31.505	31.472	31.509	31.513	31.564	31.618	31.623	31.539	31.618	31.591	31.553	31.556	31.564	31.711
40	30.812	31.622	31.53	31.682	31.573	31.544	31.616	31.557	31.539	31.574	31.588	31.633	31.682	31.693	31.613	31.692	31.667	31.621	31.625	31.627	31.788
42.5	30.88	31.687	31.612	31.754	31.662	31.606	31.693	31.633	31.605	31.641	31.671	31.698	31.765	31.761	31.68	31.758	31.746	31.697	31.704	31.701	31.852
45	30.944	31.77	31.677	31.846	31.725	31.694	31.778	31.702	31.691	31.734	31.75	31.771	31.837	31.843	31.751	31.847	31.808	31.783	31.783	31.773	31.938
47.5	30.989	31.846	31.764	31.91	31.805	31.772	31.847	31.768	31.768	31.799	31.831	31.858	31.929	31.926	31.827	31.927	31.901	31.846	31.847	31.825	32.009
50	31.059	31.914	31.842	32.005	31.88	31.851	31.918	31.846	31.839	31.87	31.908	31.918	32.014	32.001	31.92	32.002	31.997	31.949	31.92	31.919	32.081
53	31.156	32	31.918	32.112	31.985	31.955	32.031	31.942	31.956	31.984	32.009	32.039	32.087	32.099	32.005	32.1	32.109	32.026	32.008	32.017	32.21
56	31.224	32.098	32.043	32.192	32.074	32.058	32.123	32.03	32.036	32.092	32.13	32.121	32.203	32.191	32.119	32.213	32.198	32.115	32.117	32.137	32.313
60	31.338	32.228	32.154	32.33	32.202	32.202	32.261	32.158	32.147	32.222	32.274	32.262	32.323	32.321	32.244	32.352	32.335	32.232	32.216	32.275	32.45
63	31.418	32.321	32.255	32.422	32.295	32.297	32.358	32.267	32.237	32.322	32.39	32.364	32.426	32.39	32.333	32.445	32.448	32.343	32.327	32.391	32.582
67	31.536	32.453	32.401	32.561	32.426	32.447	32.515	32.369	32.362	32.464	32.517	32.491	32.554	32.524	32.469	32.571	32.58	32.463	32.437	32.531	32.706
71	31.65	32.56	32.535	32.676	32.558	32.548	32.625	32.492	32.491	32.585	32.662	32.643	32.689	32.635	32.587	32.707	32.714	32.588	32.537	32.664	32.841
75	31.774	32.682	32.66	32.786	32.68	32.706	32.739	32.598	32.598	32.7	32.82	32.74	32.798	32.714	32.716	32.809	32.859	32.707	32.653	32.792	32.963
80	31.909	32.805	32.798	32.937	32.816	32.872	32.883	32.726	32.754	32.887	33.006	32.898	32.941	32.835	32.874	32.964	33.008	32.845	32.784	32.976	33.137
85	32.05	32.93	32.942	33.049	32.952	33.005	33.072	32.859	32.892	33.02	33.185	33.058	33.043	32.95	33.015	33.09	33.16	32.975	32.913	33.16	33.295
90	32.19	33.036	33.083	33.173	33.089	33.184	33.214	32.981	33.049	33.168	33.325	33.191	33.18	33.049	33.13	33.216	33.304	33.08	33.03	33.32	33.443
95	32.324	33.158	33.223	33.299	33.199	33.327	33.341	33.084	33.164	33.305	33.489	33.336	33.29	33.148	33.262	33.314	33.44	33.206	33.137	33.484	33.583
100	32.468	33.253	33.364	33.388	33.333	33.451	33.431	33.203	33.268	33.435	33.62	33.456	33.38	33.232	33.399	33.4	33.573	33.303	33.223	33.606	33.713
106	32.609	33.361	33.5	33.48	33.467	33.605	33.575	33.309	33.415	33.596	33.783	33.581	33.486	33.332	33.504	33.517	33.718	33.458	33.315	33.8	33.862
112	32.739	33.475	33.603	33.609	33.554	33.763	33.698	33.436	33.543	33.721	33.936	33.718	33.588	33.412	33.613	33.635	33.855	33.513	33.418	33.941	33.997
118	32.829	33.555	33.733	33.704	33.685	33.867	33.826	33.506	34.096	33.837	34.08	33.828	33.682	33.48	33.735	33.696	33.988	33.634	33.514	34.089	34.113
125	32.994	33.655	33.84	33.791	33.789	34.001	33.918	33.608	34.208	33.955	34.234	33.938	33.778	33.582	33.849	33.808	34.093	33.739	33.605	34.253	34.242
132	33.116	33.761	33.982	33.868	33.899	34.141	34.039	33.709	34.307	34.07	34.37	34.035	33.847	33.616	33.943	33.871	34.206	33.818	33.692	34.393	34.349
140	33.229	33.815	34.062	33.973	33.995	34.264	34.129	33.794	34.401	34.196	34.488	34.153	33.951	33.688	34.036	33.969	34.338	33.898	33.774	34.513	34.446
150	33.355	33.929	34.202	34.041	34.095	34.39	34.246	33.884	34.494	34.281	34.61	34.228	34	33.726	34.141	34.029	34.414	33.997	33.864	34.677	34.573
160	33.484	33.973	34.312	34.113	34.167	34.476	34.332	33.954	34.603	34.375	34.735	34.34	34.06	33.78	34.232	34.094	34.509	34.064	33.928	34.782	34.665
170	33.556	34.046	34.344	34.193	34.206	34.563	34.406	34.029	34.641	34.475	34.791	34.41	34.138	33.849	34.292	34.155	34.587	34.124	33.955	34.873	34.707
180	33.634	34.017	34.432	34.205	34.305	34.605	34.449	34.056	34.699	34.509	34.897	34.428	34.14	33.878	34.337	34.202	34.644	34.155	34.033	34.919	34.775
190	33.713	34.113	34.422	34.208	34.328	34.664	34.485	34.083	34.785	34.549	34.934	34.496	34.194	33.87	34.364	34.207	34.675	34.2	34.034	34.978	34.815
200	33.761	34.145	34.492	34.255	34.348	34.717	34.507	34.12	34.801	34.564	34.943	34.515	34.193	33.893	34.402	34.206	34.687	34.236	34.046	35.014	34.841
212	33.774	34.149	34.468	34.253	34.353	34.712	34.497	34.156	34.843	34.587	34.978	34.511	34.187	33.887	34.384	34.204	34.71	34.187	34.063	35.017	34.823
224	33.803	34.16	34.461	34.244	34.342	34.694	34.514	34.136	34.833	34.567	34.969	34.538	34.202	33.911	34.422	34.252	34.668	34.174	34.1	34.993	34.8
236	33.805	34.133	34.457	34.209	34.308	34.652	34.474	34.104	34.802	34.593	34.921	34.493	34.171	33.882	34.411	34.171	34.693	34.176	34.034	34.97	34.81
250	33.798	34.111	34.424	34.197	34.29	34.641	34.45	34.137	34.784	34.546	34.921	34.448	34.158	33.87	34.356	34.151	34.624	34.136	34.037	34.901	34.754
265	33.761	34.082	34.368	34.145	34.221	34.626	34.367	34.104	34.758	34.497	34.89	34.425	34.121	33.834	34.3	34.127	34.572	34.109	34.024	34.82	34.7
280	33.738	34.032	34.302	34.17	34.193	34.539	34.292	34.071	34.68	34.421	34.757	34.323	34.017	33.835	34.221	34.026	34.49	34.037	34	34.714	34.618
300	33.631	33.988	34.179	34.082	34.101	34.389	34.181	34.022	34.553	34.265	34.557	34.234	33.884	33.737	34.099	33.922	34.33	33.989	33.857	34.579	34.498
315	33.513	33.912	34.095	33.993	34	34.265	34.099	33.862	34.418	34.189	34.404	34.143	33.831	33.638	34.033	33.903	34.224	33.897	33.766	34.469	34.441
335	33.424	33.812	33.959	33.872	33.874	34.118	34.003	33.732	34.316	34.047	34.262	34.015	33.705	33.579	33.923	33.742	34.137	33.828	33.693	34.268	34.275
355	33.305	33.703	33.793	33.745	33.753	33.974	33.839	33.651	34.217	33.911	34.078	33.888	33.648	33.493	33.834	33.678	33.951	33.682	33.563	34.11	34.125
375	33.134	33.614	33.661	33.617	33.603	33.819	33.706	33.529	34.102	33.807	33.939	33.739	33.549	33.398	33.732	33.56	33.813	33.539	33.474	33.924	33.931
400	33.019	33.467	33.493	33.476	33.425	33.634	33.536	33.402	33.895	33.631	33.693	33.596	33.365	33.287	33.566	33.395	33.662	33.431	33.302	33.694	33.777
425	32.864	33.325	33.314	33.287	33.279	33.458	33.354	33.274	33.75	33.471	33.494	33.404	33.241	33.157	33.388	33.25	33.453	33.297	33.182	33.459	33.56
450	32.661	33.153	33.148	33.178	33.078	33.227	33.17	33.117	33.606	33.236	33.243	33.232	33.095	33.041	33.221	33.158	33.277	33.116	33.043	33.262	33.377
475	32.516	33.042	32.969	33.043	32.921	33.044	33.038	32.957	33.423	33.105	33.064	33.118	32.951	32.898	33.093	32.977	33.096	33.027	32.914	33.068	33.19
500	32.339	32.875	32.773	32.844	32.761	32.873	32.858	32.804	33.258	32.903	32.901	32.925	32.826	32.738	32.907	32.875	32.905	32.849	32.803	32.859	33.039
530	32.172	32.77	32.618	32.698	32.56	32.685	32.661	32.721	33.076	32.729	32.682	32.806	32.675	32.672	32.776	32.705	32.746	32.675	32.624	32.632	32.84
560	31.968	32.541	32.413	32.533	32.426	32.503	32.513	32.511	32.941	32.566	32.447	32.599	32.535	32.536	32.604	32.516	32.53	32.503	32.475	32.531	32.706
600	31.749	32.392	32.257	32.332	32.211	32.319	32.298	32.319	32.712	32.341	32.296	32.355	32.353	32.342	32.398	32.337	32.363	32.292	32.307	32.275	32.46
630	31.623	32.225	32.106	32.229	32.074	32.141	32.163	32.186	32.631	32.22	32.135	32.256	32.206	32.204	32.215	32.245	32.262	32.194	32.203	32.171	32.343
670	31.456	32.123	31.944	32.051	31.93	31.998	31.983	32.062	32.479	32.046	31.983	32.048	32.091	32.059	32.078	32.052	32.022	32.051	32.012	31.949	32.163
710	31.329	32.004	31.8	31.9	31.81	31.857	31.904	31.905	32.275	31.903	31.895	31.985	31.934	31.973	31.974	31.927	31.934	31.936	31.908	31.813	31.994
750	31.211	31.826	31.711	31.814	31.718	31.723	31.765	31.81	32.181	31.79	31.709	31.853	31.801	31.843	31.853	31.83	31.812	31.762	31.792	31.701	31.874
800	31.117	31.761	31.621	31.707	31.586	31.665	31.664	31.687	32.105	31.716	31.656	31.778	31.75	31.797	31.72	31.756	31.733	31.699	31.682	31.652	31.842
850	31.057	31.657	31.542	31.692	31.566	31.577	31.605	31.648	32.034	31.653	31.543	31.679	31.65	31.691	31.698	31.641	31.656	31.634	31.645	31.61	31.762
900	31.073	31.667	31.536	31.599	31.542	31.593	31.59	31.622	31.975	31.667	31.578	31.67	31.678	31.685	31.679	31.621	31.652	31.658	31.59	31.585	31.759
950	31.06	31.728	31.598	31.672	31.559	31.589	31.639	31.622	32.055	31.599	31.598	31.674	31.666	31.663	31.691	31.727	31.668	31.613	31.595	31.623	31.779
1000	31.083	31.745	31.596	31.712	31.618	31.672	31.694	31.696	32.131	31.728	31.691	31.736	31.711	31.718	31.745	31.723	31.735	31.647	31.707	31.704	31.837
1060	31.227	31.861	31.761	31.782	31.694	31.778	31.802	31.773	32.214	31.787	31.767	31.874	31.815	31.793	31.787	31.788	31.848	31.798	31.777	31.826	31.879
1120	31.327	31.914	31.803	31.893	31.81	31.884	31.868	31.881	32.315	31.925	31.888	31.976	31.873	31.894	31.979	31.9	31.902	31.871	31.889	31.93	32.054
1180	31.394	31.96	31.915	31.926	31.86	31.909	31.93	31.97	32.328	31.985	31.918	32.016	31.945	31.956	31.976	31.945	32.004	31.949	31.9	31.992	32.063
1250	31.369	31.982	31.873	31.922	31.831	31.838	31.883	31.909	32.344	31.933	31.841	31.955	31.936	31.966	31.986	31.967	31.943	31.914	31.899	31.897	32.043
1320	31.248	31.862	31.754	31.811	31.723	31.789	31.763	31.796	32.205	31.841	31.771	31.863	31.823	31.83	31.844	31.849	31.837	31.828	31.804	31.782	31.936
1400	31.068	31.701	31.556	31.683	31.55	31.587	31.588	31.697	32.091	31.648	31.573	31.699	31.663	31.705	31.697	31.703	31.669	31.669	31.685	31.61	31.742
1500	30.868	31.542	31.359	31.458	31.355	31.367	31.405	31.438	31.847	31.45	31.363	31.464	31.486	31.551	31.503	31.497	31.48	31.449	31.47	31.385	31.558
1600	30.746	31.351	31.221	31.332	31.213	31.24	31.282	31.3	31.708	31.343	31.233	31.321	31.346	31.389	31.392	31.401	31.32	31.357	31.338	31.274	31.429
1700	30.639	31.294	31.146	31.233	31.113	31.127	31.143	31.204	31.628	31.212	31.145	31.271	31.244	31.273	31.266	31.232	31.197	31.218	31.207	31.176	31.327
1800	30.54	31.211	31.109	31.135	31.047	31.071	31.128	31.158	31.556	31.153	31.104	31.157	31.2	31.202	31.179	31.192	31.133	31.155	31.151	31.122	31.254
1900	30.482	31.12	31.032	31.082	31.028	31.006	31.048	31.087	31.506	31.051	31.017	31.132	31.093	31.171	31.113	31.148	31.089	31.097	31.094	31.031	31.182
2000	30.484	31.116	31.035	31.047	30.978	30.983	31.018	31.028	31.434	31.069	30.953	31.06	31.113	31.078	31.106	31.116	31.088	31.051	31.085	31.029	31.137
2120	30.442	31.086	30.953	30.979	30.946	30.953	30.973	31.019	31.412	30.983	30.985	30.998	31.042	31.062	31.033	31.05	31.026	31.013	31.025	30.989	31.117
2240	30.431	31.005	30.904	30.983	30.897	30.923	30.94	30.952	31.377	30.988	30.927	31.019	31.028	31.04	31.039	31.024	30.974	30.995	30.98	30.938	31.075
2360	30.42	30.989	30.919	30.926	30.891	30.914	30.929	30.958	31.362	30.955	30.883	30.986	31.018	30.991	31.03	31.018	30.993	30.962	30.975	30.948	31.052
2500	30.366	30.977	30.905	30.933	30.9	30.89	30.923	30.935	31.349	30.946	30.887	30.988	30.995	30.966	31.007	30.957	30.997	30.953	30.963	30.952	31.047
2650	30.373	31.003	30.849	30.911	30.895	30.875	30.905	30.932	31.327	30.971	30.883	30.978	30.984	30.973	30.989	30.986	30.983	30.966	30.97	30.944	31.048
2800	30.348	30.962	30.884	30.966	30.881	30.854	30.923	30.907	31.331	30.938	30.877	31.015	30.985	30.985	30.966	30.993	30.974	30.943	30.947	30.908	31.065
3000	30.34	30.976	30.887	30.914	30.868	30.868	30.883	30.925	31.312	30.941	30.902	30.983	30.978	30.978	30.991	30.984	30.969	30.909	30.978	30.936	31.044
3150	30.348	30.993	30.884	30.896	30.861	30.884	30.897	30.923	31.339	30.954	30.916	30.969	30.986	31.005	30.985	30.961	30.911	30.928	30.943	30.924	31.052
3350	30.408	30.987	30.915	30.961	30.91	30.934	30.949	30.949	31.368	30.954	30.914	31.019	31.001	30.981	30.976	30.98	31.013	30.973	30.982	30.951	31.056
3550	30.452	31.034	30.908	30.97	30.904	30.937	30.941	30.978	31.372	30.975	30.953	31.006	31.019	31	31.017	31.008	31.008	31	30.971	30.988	31.097
3750	30.462	31.047	30.974	31.006	30.979	30.973	31.004	30.979	31.361	31.015	30.948	31.042	31.034	31.015	31.074	31.046	30.981	30.977	31.023	31.037	31.132
4000	30.469	31.067	30.986	31.019	30.964	30.969	30.996	30.99	31.463	31.058	30.971	31.045	31.061	31.076	31.112	31.069	31.076	31.057	31.022	31.031	31.15
4250	30.413	30.986	30.926	30.949	30.938	30.936	30.926	30.993	31.361	30.969	30.906	31.001	31.045	31.013	30.983	31.005	31.012	30.977	30.979	30.993	31.085
4500	30.382	30.985	30.939	30.962	30.906	30.96	30.935	30.963	31.34	30.983	30.96	31.033	31.022	31.011	31.025	30.987	31.013	30.958	30.982	31.004	31.089
4750	30.431	31.064	30.962	30.976	30.939	30.98	30.99	31.006	31.404	30.984	31.022	31.047	31.069	31.092	31.031	31.037	31.058	31.041	31.011	30.998	31.136
5000	30.503	31.066	31.033	31.024	30.997	31.036	31.059	31.066	31.466	31.056	31.065	31.097	31.107	31.05	31.103	31.037	31.09	31.071	31.041	31.052	31.172
5300	30.527	31.066	31.022	31.03	30.997	31.023	31.069	31.058	31.448	31.121	31.058	31.118	31.083	31.041	31.135	31.135	31.14	31.07	31.08	31.109	31.157
5600	30.528	31.137	31.038	31.053	30.999	31.08	31.062	31.027	31.446	31.09	31.092	31.096	31.099	31.087	31.099	31.135	31.117	31.078	31.098	31.072	31.238
6000	30.513	31.121	31.086	31.044	31.017	31.033	31.103	31.03	31.428	31.09	31.134	31.119	31.132	31.095	31.119	31.134	31.156	31.08	31.052	31.131	31.224
6300	30.544	31.156	31.09	31.026	31.026	31.086	31.083	31.056	31.433	31.082	31.098	31.161	31.107	31.134	31.145	31.159	31.138	31.06	31.063	31.118	31.218
6700	30.502	31.087	31.038	31.042	31.022	31.049	31.081	30.998	31.428	31.098	31.073	31.092	31.119	31.069	31.099	31.096	31.094	31.034	31.048	31.074	31.184
7100	30.488	31.082	30.995	31.02	31.008	31.007	31.045	30.981	31.466	31.031	31.039	31.077	31.047	31.074	31.101	31.111	31.112	31.035	31.021	31.054	31.184
7500	30.491	31.075	31.033	31.028	30.968	31.007	31.039	31.02	31.444	31.058	31.031	31.077	31.083	31.054	31.092	31.098	31.07	31.041	30.997	31.075	31.178
8000	30.464	31.076	31.037	31.017	30.979	31.035	31.049	31.02	31.421	31.076	31.047	31.081	31.098	31.061	31.109	31.084	31.094	31.056	31.042	31.047	31.167
8500	30.514	31.149	31.053	31.052	30.986	31.04	31.065	31.011	31.479	31.087	31.048	31.124	31.101	31.074	31.099	31.137	31.073	31.065	31.072	31.106	31.21
9000	30.539	31.14	31.078	31.069	31.044	31.082	31.099	31.074	31.486	31.121	31.096	31.139	31.13	31.146	31.16	31.158	31.114	31.083	31.104	31.141	31.226
9500	30.594	31.186	31.129	31.128	31.093	31.16	31.158	31.117	31.54	31.157	31.159	31.202	31.209	31.179	31.196	31.178	31.193	31.111	31.146	31.171	31.304
10000	30.727	31.239	31.207	31.225	31.173	31.232	31.226	31.203	31.622	31.271	31.266	31.268	31.249	31.291	31.288	31.315	31.284	31.198	31.239	31.268	31.352
10600	30.675	31.283	31.182	31.126	31.179	31.234	31.225	31.231	31.637	31.216	31.207	31.263	31.274	31.232	31.233	31.307	31.296	31.24	31.198	31.238	31.309
11200	30.689	31.285	31.226	31.186	31.15	31.258	31.21	31.22	31.636	31.264	31.242	31.299	31.293	31.266	31.282	31.332	31.303	31.274	31.279	31.239	31.354
11800	30.686	31.343	31.256	31.235	31.213	31.245	31.257	31.273	31.701	31.277	31.263	31.321	31.307	31.289	31.29	31.319	31.328	31.278	31.309	31.326	31.346
12500	30.751	31.384	31.289	31.256	31.244	31.292	31.316	31.309	31.709	31.306	31.319	31.388	31.313	31.353	31.378	31.383	31.38	31.309	31.283	31.355	31.416
13200	30.803	31.413	31.331	31.316	31.275	31.346	31.361	31.324	31.735	31.358	31.347	31.393	31.395	31.417	31.388	31.404	31.384	31.357	31.382	31.379	31.448
14000	30.856	31.42	31.397	31.351	31.358	31.358	31.407	31.371	31.782	31.411	31.454	31.484	31.432	31.429	31.457	31.496	31.504	31.42	31.414	31.443	31.534
15000	30.918	31.47	31.46	31.383	31.418	31.461	31.461	31.426	31.829	31.469	31.493	31.489	31.457	31.486	31.483	31.511	31.49	31.459	31.445	31.499	31.58
16000	30.989	31.555	31.529	31.535	31.455	31.483	31.53	31.506	31.897	31.557	31.548	31.563	31.561	31.503	31.55	31.59	31.572	31.506	31.548	31.555	31.601
17000	30.984	31.594	31.543	31.556	31.505	31.598	31.567	31.576	31.93	31.593	31.576	31.613	31.641	31.582	31.621	31.666	31.664	31.592	31.575	31.572	31.678
18000	31.085	31.638	31.622	31.571	31.547	31.625	31.619	31.594	31.977	31.641	31.591	31.654	31.653	31.635	31.628	31.682	31.693	31.596	31.625	31.612	31.68
19000	31.111	31.712	31.657	31.631	31.581	31.693	31.7	31.606	32.057	31.668	31.713	31.698	31.695	31.68	31.694	31.748	31.714	31.654	31.673	31.642	31.766
20000	31.123	31.704	31.673	31.662	31.624	31.68	31.703	31.656	32.081	31.663	31.745	31.711	31.724	31.733	31.709	31.775	31.76	31.643	31.697	31.686	31.762

## THD
	Standard	#1 Test	#2 Test	#3 Test	#4 Test	#5 Test	#6 Test	#7 Test	#8 Test	#9 Test	#10 Test	#1 Thường	#2 Thường	#3 Thường	#4 Thường	#5 Thường	#6 Thường	#7 Thường	#8 Thường	#9 Thường	#10 Thường
20	19.965	17.64	19.187	15.927	23.027	16.867	21.518	20.199	17.768	16.765	15.993	19.218	26.064	25.766	20.81	26.062	21.794	27.144	23.03	20.34	22.796
21.2	19.311	15.561	18.672	17.109	23.938	16.71	20.325	19.603	17.716	17.886	15.562	19.254	25.423	26.823	22.224	25.868	19.234	28.135	21.842	21.047	21.011
22.4	12.452	15.257	17.713	15.221	23.169	14.102	19.524	19.985	18.675	16.594	15.517	19.665	26.292	26.014	20.739	25.821	20.366	30.524	21.637	20.223	20.83
23.6	18.61	16.321	20.05	17.052	22.129	15.6	21.432	19.728	18.271	18.172	16.576	19.317	26.273	25.733	21.365	26.181	19.889	26.057	22.642	20.771	21.474
25	18.785	16.038	17.786	14.9	22.147	15.886	20.255	19.555	18.372	17.792	14.398	19.219	25.487	25.857	20.898	26.33	20.22	26.591	21.556	19.221	21.042
26.5	18.706	15.236	18.448	16.012	23.847	15.019	20.249	18.489	17.893	17.365	16.055	19.017	24.433	25.238	20.959	25.709	19.59	26.115	21.391	19.393	20.549
28	17.903	14.908	17.35	15.262	22.76	15.873	20.21	18.074	18.054	17.721	15.778	18.027	24.814	24.829	20.744	25.254	19.666	26.139	21.33	20.421	20.16
30	19.31	14.747	17.102	14.591	22.778	15.15	19.986	17.989	17.48	16.48	15.494	18.534	23.598	23.412	20.71	24.665	19.297	26.312	21.374	20.069	19.433
31.5	18.519	13.99	17.741	15.116	22.29	15.5	20.065	17.901	16.895	16.616	15.611	18.222	24.086	23.819	19.17	23.478	18.974	25.449	20.409	19.153	19.131
33.5	18.419	14.385	17.484	14.284	21.213	15.182	19.974	17.313	16.623	16.284	14.718	17.604	23.338	22.82	19.106	23.486	18.373	24.626	19.901	19.979	18.932
35.5	17.682	13.615	16.296	13.991	20.611	14.364	18.808	17.073	16.184	15.597	15.081	17.389	22.61	22.029	18.745	22.108	17.803	24.077	19.799	18.835	18.761
37.5	18.051	13.316	16.316	14.194	20.446	14.598	18.191	16.648	15.99	15.716	14.452	16.828	21.888	21.448	18.236	21.855	17.555	23.929	18.91	18.864	18.065
40	17.826	13.055	15.887	13.094	19.91	13.873	17.666	15.969	15.301	14.612	13.922	16.471	20.876	20.514	17.865	20.933	16.855	22.711	18.433	18.455	17.514
42.5	17.499	12.596	15.045	12.651	19.502	13.581	17.455	15.525	14.922	14.448	13.87	16.009	20.051	19.808	17.011	19.392	16.268	22.291	17.873	18.021	16.737
45	17.398	12.224	14.625	12.134	18.967	13.274	16.882	14.792	14.53	13.453	13.002	15.541	19.476	19.124	16.634	18.633	15.676	21.353	17.424	17.745	16.156
47.5	16.887	12.018	14.831	11.973	18.214	12.874	16.279	14.584	13.79	13.445	12.76	15.332	18.466	18.161	15.745	17.897	15.207	21.113	16.882	16.98	15.612
50	16.206	11.71	14.12	11.753	17.315	12.284	15.815	14.353	13.594	12.607	11.829	14.421	17.574	17.539	15.332	16.912	14.591	19.912	16.393	16.787	14.774
53	16.423	11.808	13.408	11.41	16.759	11.946	15.481	13.551	12.76	12.146	11.88	13.889	16.598	16.484	14.801	16.083	14.213	19.434	15.523	16.418	14.258
56	15.907	11.112	13.081	11.193	16.607	11.647	14.657	13.034	12.205	11.646	11.099	13.408	15.876	15.825	14.559	15.229	13.297	18.652	15.171	15.077	13.794
60	15.216	11.089	12.551	10.893	15.356	11.235	13.887	12.387	12.262	11.136	10.757	12.892	15.041	15.145	13.654	14.267	12.623	17.912	14.514	15.069	12.933
63	14.793	10.999	12.086	10.853	15.113	10.804	13.675	12.293	11.764	10.742	10.562	12.625	13.92	14.581	13.127	13.581	11.904	16.969	14.146	13.999	12.264
67	14.464	10.769	11.743	10.787	14.454	10.564	13.111	11.993	11.246	10.381	10.254	12.161	13.6	14.028	12.662	12.844	11.564	16.226	13.809	13.934	11.636
71	13.826	10.859	11.435	10.592	13.808	10.268	12.784	11.831	11.143	10.152	9.795	11.961	13.05	13.533	12.191	12.366	11.107	15.574	13.399	13.348	11.205
75	13.675	10.853	11.236	11.141	13.49	10.638	12.157	11.618	11.095	10.438	9.745	11.613	12.592	13.066	11.985	11.998	10.773	14.993	12.985	13.022	10.798
80	13.433	11.257	11.055	11.087	12.713	10.273	11.694	11.521	10.451	9.789	9.708	11.497	12.253	13.005	11.618	11.443	10.661	14.37	13.008	12.518	10.614
85	12.891	11.18	10.966	11.115	12.397	10.646	11.697	11.566	10.62	10.078	9.599	11.356	11.892	12.758	11.447	11.579	10.151	13.72	12.676	12.149	10.419
90	12.614	11.425	10.887	11.119	11.938	9.935	11.551	11.648	10.519	9.969	9.547	11.469	11.753	12.888	11.189	11.383	10.143	13.441	12.421	11.825	10.313
95	12.355	11.487	11.132	11.411	11.86	10.209	11.612	11.597	10.52	10.32	9.726	11.392	11.914	12.951	10.957	11.544	10.179	13.224	12.493	11.761	10.274
100	12.519	11.827	11.046	11.788	11.635	10.323	11.369	11.933	10.478	10.506	9.731	11.458	12.203	12.733	11.057	11.645	10.418	13.069	12.559	11.513	10.455
106	12.13	12.054	11.088	11.883	11.776	10.537	11.415	12	10.966	10.86	10.123	11.488	12.271	13.1	11.483	11.812	10.516	12.633	12.734	11.42	10.52
112	12.241	12.187	11.218	12.055	11.805	10.969	11.503	12.209	11.285	10.999	10.151	11.695	12.187	13.062	11.755	11.794	10.755	12.609	12.777	11.373	10.694
118	12.271	12.373	11.291	12.363	11.867	11.019	11.437	12.45	11.395	11.201	10.236	11.681	12.411	13.081	11.889	11.889	10.811	12.694	12.83	11.344	10.888
125	12.171	12.499	11.224	12.503	11.873	10.978	11.489	12.659	11.424	11.292	10.444	11.697	12.423	13.289	11.895	12.031	11.053	12.635	12.806	11.359	10.948
132	12.248	12.725	11.287	12.604	11.791	11.164	11.292	12.659	11.567	11.403	10.562	12.004	12.444	13.458	12.133	12.235	11.206	12.614	12.931	11.353	11.117
140	12.374	12.82	11.254	12.677	11.807	11.222	11.278	12.848	11.112	11.605	10.787	12.181	12.312	13.554	12.139	12.333	11.359	12.743	13.045	11.396	11.224
150	12.468	13.071	11.524	12.897	11.99	11.425	11.63	12.944	10.378	11.824	10.962	12.357	12.674	13.746	12.086	12.635	11.449	12.959	13.205	11.428	11.487
160	12.58	13.461	11.856	13.128	12.147	11.692	12.195	13.272	11.129	12.193	11.195	12.553	13.093	14.102	12.514	12.831	11.681	13.103	13.396	11.531	11.697
170	12.714	13.805	12.096	13.415	12.267	11.908	12.251	13.625	12.167	12.48	11.289	12.686	13.356	14.431	12.82	13.132	11.929	13.285	13.875	11.604	11.87
180	12.998	14.094	12.347	13.754	12.589	12.119	12.509	13.934	12.633	12.762	11.531	13.011	13.735	14.734	13.169	13.526	12.118	13.633	14.053	11.615	12.092
190	13.165	14.272	12.684	13.921	12.814	12.345	12.762	14.231	12.886	12.92	11.699	13.243	14.03	15.194	13.468	13.875	12.446	13.944	14.221	11.857	12.268
200	13.488	14.593	12.865	14.282	12.94	12.586	12.981	14.579	13.341	13.173	11.976	13.446	14.218	15.46	13.797	14.106	12.638	14.041	14.486	11.934	12.462
212	13.729	14.864	13.116	14.534	13.24	12.794	13.234	14.882	13.636	13.478	12.152	13.683	14.653	15.863	13.872	14.419	12.811	14.271	14.802	12.276	12.83
224	13.978	15.264	13.309	14.984	13.51	13.127	13.41	15.332	13.826	13.752	12.235	13.956	14.854	16.263	14.255	14.809	12.985	14.618	15.153	12.424	13.017
236	14.194	15.583	13.571	15.121	13.676	13.299	13.712	15.463	14.142	14.003	12.621	14.265	15.276	16.645	14.483	15.104	13.265	15.072	15.452	12.561	13.312
250	14.51	16.017	13.817	15.561	13.943	13.517	14.022	15.974	14.323	14.366	12.803	14.583	15.601	17.095	14.858	15.42	13.552	15.354	15.801	12.811	13.49
265	14.816	16.514	14.138	15.76	14.083	13.748	14.174	16.436	14.569	14.465	12.922	14.824	15.706	17.586	15.109	15.64	13.747	15.721	16.059	12.884	13.754
280	14.991	16.682	14.375	16.072	14.225	13.658	14.399	16.435	14.448	14.584	12.388	14.911	15.685	17.46	15.216	15.952	13.867	15.837	16.332	13.03	13.861
300	14.974	16.488	14.221	16.048	14.143	13.47	14.583	16.055	14.25	14.659	12.106	14.969	16.084	17.808	15.211	16.176	13.908	15.846	16.108	12.957	13.872
315	14.803	16.566	14.201	15.887	14.121	13.597	14.323	15.983	14.451	14.395	12.538	14.878	15.956	17.762	15.28	16.197	13.894	15.88	16.187	12.812	13.859
335	14.572	16.232	13.854	15.6	13.916	13.292	14.098	16.024	14.319	14.098	12.219	14.606	15.708	17.572	14.74	15.74	13.466	15.608	16.02	12.444	13.605
355	14.123	15.647	13.375	15.141	13.421	12.686	13.475	15.558	13.896	13.662	11.986	14.065	15.171	16.909	14.316	15.198	12.996	14.989	15.503	11.908	12.942
375	13.386	14.892	12.591	14.444	12.707	12.103	12.734	14.64	13.199	13.005	11.206	13.215	14.314	16.136	13.61	14.5	12.309	14.387	14.624	11.424	12.196
400	11.992	13.282	11.205	12.745	11.285	10.844	11.29	13.124	11.778	11.496	9.969	11.917	12.783	14.243	12.081	12.851	10.858	12.768	13.089	10.241	10.794
425	9.866	11.043	9.358	10.694	9.432	8.926	9.393	10.974	9.761	9.561	8.306	9.824	10.714	11.978	10.021	10.678	9.021	10.646	10.99	8.343	9.022
450	7.725	8.686	7.27	8.45	7.279	6.885	7.227	8.659	7.658	7.512	6.307	7.688	8.489	9.566	7.856	8.456	7.141	8.54	8.557	6.619	7.016
475	5.922	6.701	5.573	6.43	5.751	5.235	5.512	6.689	5.696	5.626	4.771	5.842	6.559	7.36	5.983	6.436	5.301	6.528	6.651	5.054	5.273
500	4.514	5.153	4.251	4.88	4.431	3.986	4.267	5.124	4.438	4.318	3.536	4.554	5.065	5.68	4.63	4.992	4.075	4.98	5.054	3.911	4.102
530	3.24	3.81	3.068	3.656	3.343	2.85	3.104	3.734	3.202	3.14	2.534	3.305	3.774	4.269	3.333	3.548	2.951	3.797	3.742	2.974	3.101
560	2.412	2.888	2.426	2.806	2.644	2.128	2.258	2.766	2.423	2.336	1.863	2.541	2.983	3.106	2.569	2.656	2.276	2.865	2.803	2.492	2.318
600	1.631	2.023	1.747	1.936	1.898	1.421	1.561	1.957	1.662	1.648	1.245	1.798	2.134	2.154	1.795	1.888	1.556	2.117	1.962	1.769	1.729
630	1.219	1.559	1.364	1.528	1.494	1.064	1.282	1.458	1.341	1.288	0.867	1.431	1.644	1.592	1.37	1.411	1.101	1.587	1.526	1.401	1.335
670	0.834	1.102	0.91	0.971	1.037	0.717	0.842	1.049	0.899	0.841	0.548	0.962	1.174	1.161	0.926	0.981	0.792	1.15	1.041	1.004	0.876
710	0.559	0.797	0.67	0.709	0.717	0.466	0.571	0.715	0.566	0.567	0.37	0.638	0.782	0.851	0.659	0.634	0.56	0.774	0.75	0.674	0.597
750	0.393	0.531	0.41	0.461	0.485	0.362	0.373	0.516	0.408	0.409	0.279	0.428	0.561	0.592	0.41	0.464	0.373	0.553	0.5	0.467	0.383
800	0.304	0.373	0.314	0.364	0.347	0.269	0.297	0.396	0.323	0.302	0.242	0.347	0.391	0.44	0.344	0.339	0.304	0.383	0.37	0.309	0.305
850	0.296	0.338	0.294	0.326	0.318	0.283	0.275	0.331	0.305	0.276	0.264	0.315	0.351	0.376	0.318	0.316	0.281	0.313	0.33	0.292	0.29
900	0.302	0.322	0.295	0.311	0.293	0.296	0.292	0.333	0.306	0.296	0.266	0.308	0.326	0.351	0.295	0.307	0.273	0.32	0.322	0.296	0.296
950	0.316	0.335	0.303	0.339	0.304	0.307	0.303	0.325	0.307	0.304	0.287	0.32	0.336	0.343	0.328	0.32	0.301	0.32	0.325	0.3	0.299
1000	0.315	0.327	0.308	0.329	0.314	0.309	0.302	0.323	0.31	0.308	0.291	0.325	0.331	0.341	0.321	0.327	0.305	0.332	0.32	0.317	0.318
1060	0.305	0.316	0.304	0.318	0.312	0.302	0.294	0.319	0.295	0.299	0.285	0.306	0.314	0.329	0.309	0.308	0.296	0.312	0.318	0.298	0.298
1120	0.267	0.274	0.26	0.274	0.256	0.249	0.259	0.279	0.254	0.262	0.242	0.265	0.273	0.286	0.264	0.26	0.251	0.264	0.268	0.262	0.251
1180	0.191	0.209	0.193	0.202	0.192	0.184	0.186	0.208	0.187	0.191	0.183	0.197	0.201	0.22	0.186	0.202	0.189	0.195	0.204	0.192	0.184
1250	0.163	0.179	0.152	0.167	0.155	0.141	0.157	0.184	0.16	0.149	0.147	0.152	0.169	0.209	0.17	0.176	0.145	0.164	0.176	0.143	0.143
1320	0.208	0.229	0.183	0.198	0.192	0.179	0.2	0.235	0.204	0.19	0.169	0.202	0.221	0.284	0.219	0.222	0.19	0.222	0.242	0.154	0.178
1400	0.261	0.284	0.216	0.243	0.23	0.218	0.235	0.283	0.241	0.24	0.201	0.243	0.28	0.337	0.247	0.273	0.234	0.29	0.277	0.174	0.214
1500	0.309	0.35	0.277	0.308	0.312	0.266	0.302	0.389	0.303	0.284	0.25	0.316	0.383	0.472	0.333	0.381	0.291	0.368	0.366	0.225	0.248
1600	0.372	0.421	0.309	0.327	0.32	0.272	0.324	0.425	0.321	0.32	0.249	0.335	0.406	0.542	0.38	0.433	0.322	0.421	0.42	0.228	0.292
1700	0.299	0.301	0.235	0.214	0.244	0.184	0.257	0.327	0.238	0.233	0.167	0.271	0.314	0.401	0.292	0.367	0.224	0.352	0.339	0.161	0.216
1800	0.181	0.192	0.107	0.152	0.122	0.115	0.15	0.2	0.178	0.139	0.104	0.169	0.19	0.243	0.167	0.201	0.157	0.198	0.186	0.109	0.118
1900	0.1	0.119	0.093	0.101	0.096	0.11	0.095	0.137	0.109	0.11	0.085	0.123	0.1	0.13	0.098	0.116	0.098	0.117	0.118	0.093	0.097
2000	0.072	0.092	0.078	0.117	0.06	0.102	0.078	0.079	0.102	0.093	0.083	0.087	0.084	0.107	0.056	0.08	0.085	0.075	0.081	0.093	0.07
2120	0.081	0.078	0.097	0.148	0.077	0.109	0.075	0.066	0.096	0.108	0.092	0.091	0.067	0.081	0.077	0.066	0.084	0.074	0.073	0.086	0.073
2240	0.066	0.099	0.075	0.133	0.102	0.097	0.08	0.073	0.101	0.081	0.096	0.109	0.079	0.113	0.106	0.092	0.082	0.07	0.088	0.132	0.104
2360	0.092	0.104	0.11	0.147	0.104	0.123	0.116	0.094	0.082	0.093	0.075	0.077	0.152	0.146	0.083	0.194	0.075	0.141	0.118	0.136	0.209
2500	0.097	0.137	0.08	0.155	0.125	0.127	0.134	0.094	0.095	0.113	0.107	0.1	0.157	0.118	0.118	0.122	0.174	0.072	0.078	0.152	0.085
2650	0.121	0.139	0.122	0.163	0.112	0.101	0.079	0.113	0.099	0.128	0.096	0.111	0.124	0.263	0.115	0.124	0.136	0.25	0.174	0.093	0.097
2800	0.127	0.112	0.11	0.181	0.099	0.137	0.142	0.138	0.11	0.133	0.114	0.121	0.103	0.17	0.114	0.16	0.118	0.126	0.137	0.097	0.14
3000	0.182	0.179	0.159	0.296	0.128	0.188	0.159	0.172	0.171	0.203	0.164	0.179	0.187	0.25	0.179	0.214	0.175	0.163	0.211	0.145	0.164
3150	0.278	0.305	0.25	0.514	0.204	0.302	0.271	0.306	0.305	0.32	0.299	0.26	0.277	0.445	0.29	0.344	0.255	0.258	0.309	0.247	0.273
3350	0.819	0.854	0.835	1.286	0.588	0.967	0.767	0.847	0.831	1.078	0.83	0.808	0.871	1.388	0.872	1.074	0.802	0.712	0.914	0.685	0.84
3550	1.265	1.319	1.122	1.384	0.978	1.146	1.065	1.437	1.119	1.317	0.865	1.239	1.437	2.142	1.27	1.804	1.091	1.233	1.512	1.072	1.148
3750	0.394	0.512	0.379	0.425	0.408	0.385	0.402	0.539	0.494	0.441	0.285	0.484	0.563	0.667	0.459	0.568	0.376	0.528	0.489	0.345	0.369
4000	0.138	0.209	0.14	0.15	0.169	0.138	0.105	0.174	0.2	0.135	0.135	0.162	0.179	0.173	0.146	0.155	0.118	0.179	0.18	0.14	0.105
4250	0.08	0.107	0.086	0.102	0.091	0.095	0.067	0.087	0.103	0.077	0.111	0.088	0.077	0.079	0.064	0.064	0.067	0.077	0.075	0.078	0.059
4500	0.125	0.129	0.135	0.186	0.111	0.148	0.131	0.112	0.133	0.132	0.184	0.118	0.104	0.13	0.122	0.114	0.115	0.097	0.109	0.13	0.116
4750	0.243	0.223	0.263	0.374	0.193	0.29	0.253	0.24	0.242	0.293	0.364	0.246	0.222	0.27	0.239	0.253	0.256	0.19	0.236	0.26	0.251
5000	0.599	0.499	0.619	0.94	0.475	0.774	0.696	0.597	0.557	0.789	0.916	0.589	0.516	0.739	0.655	0.705	0.668	0.48	0.573	0.621	0.685
5300	1.233	0.995	1.172	1.519	1.05	1.358	1.506	1.237	1.119	1.6	1.309	1.145	1.163	1.692	1.462	1.591	1.498	1.19	1.396	1.142	1.521
5600	0.491	0.556	0.549	0.63	0.495	0.546	0.796	0.622	0.523	0.663	0.666	0.544	0.769	0.818	0.652	0.885	0.66	0.653	0.615	0.538	0.669
6000	0.336	0.342	0.306	0.379	0.353	0.371	0.498	0.349	0.349	0.36	0.539	0.378	0.367	0.409	0.412	0.486	0.365	0.423	0.351	0.444	0.339
6300	0.294	0.287	0.295	0.343	0.284	0.367	0.4	0.253	0.327	0.313	0.519	0.337	0.313	0.368	0.365	0.452	0.299	0.336	0.279	0.408	0.284
6700	0.311	0.246	0.328	0.314	0.223	0.363	0.318	0.215	0.243	0.304	0.468	0.303	0.204	0.233	0.283	0.224	0.23	0.263	0.228	0.353	0.259
7100	0.315	0.301	0.341	0.455	0.268	0.452	0.356	0.268	0.327	0.341	0.517	0.375	0.22	0.262	0.318	0.24	0.326	0.255	0.286	0.458	0.342
7500	0.618	0.483	0.688	0.912	0.549	0.822	0.672	0.503	0.601	0.634	1.009	0.614	0.476	0.504	0.521	0.429	0.553	0.377	0.419	0.826	0.646
8000	0.344	0.297	0.432	0.566	0.315	0.472	0.346	0.255	0.261	0.351	0.535	0.345	0.205	0.237	0.274	0.214	0.304	0.198	0.289	0.489	0.32
8500	0.168	0.135	0.173	0.305	0.135	0.212	0.144	0.104	0.14	0.156	0.241	0.154	0.104	0.108	0.119	0.127	0.128	0.084	0.131	0.21	0.138
9000	0.179	0.143	0.189	0.417	0.133	0.231	0.181	0.123	0.159	0.187	0.256	0.151	0.134	0.163	0.185	0.14	0.147	0.098	0.153	0.218	0.186
9500	0.419	0.297	0.413	1.131	0.292	0.556	0.402	0.306	0.345	0.473	0.664	0.342	0.313	0.411	0.373	0.354	0.365	0.231	0.337	0.453	0.443
10000	0.498	0.341	0.529	1.165	0.352	0.572	0.487	0.403	0.401	0.572	0.627	0.42	0.388	0.559	0.432	0.459	0.471	0.321	0.438	0.502	0.516
10600	0.332	0.244	0.29	0.423	0.23	0.295	0.283	0.217	0.242	0.285	0.343	0.249	0.206	0.254	0.258	0.242	0.254	0.197	0.225	0.285	0.254
11200	0.247	0.273	0.497	0.308	0.354	0.285	0.52	0.491	0.367	0.41	0.256	0.337	0.488	0.727	0.342	0.441	0.378	0.461	0.517	0.222	0.555
11800	0.081	0.135	0.18	0.101	0.157	0.083	0.213	0.217	0.147	0.12	0.094	0.138	0.246	0.286	0.128	0.184	0.126	0.229	0.232	0.071	0.225
12500	0.098	0.109	0.044	0.061	0.118	0.118	0.123	0.136	0.114	0.069	0.052	0.134	0.166	0.201	0.138	0.152	0.098	0.14	0.11	0.148	0.307
13200	0.078	0.06	0.05	0.022	0.054	0.05	0.035	0.036	0.043	0.046	0.063	0.073	0.029	0.03	0.062	0.011	0.056	0.049	0.056	0.091	0.023
14000	0.07	0.041	0.051	0.06	0.081	0.067	0.038	0.05	0.065	0.051	0.05	0.037	0.051	0.036	0.038	0.049	0.05	0.037	0.036	0.057	0.072
15000	0.067	0.057	0.049	0.041	0.063	0.047	0.068	0.057	0.057	0.049	0.045	0.055	0.054	0.055	0.049	0.053	0.063	0.067	0.06	0.034	0.047
16000	0.028	0.019	0.032	0.033	0.017	0.011	0.033	0.033	0.018	0.024	0.016	0.022	0.024	0.034	0.029	0.025	0.023	0.025	0.036	0.012	0.027
17000	0.013	0.041	0.007	0.043	0.012	0.028	0.018	0.02	0.018	0.022	0.038	0.025	0.019	0.016	0.021	0.014	0.018	0.02	0.03	0.019	0.026
18000	0.046	0.019	0.032	0.053	0.02	0.034	0.021	0.027	0.015	0.014	0.076	0.002	0.022	0.053	0.008	0.04	0.04	0.023	0.029	0.055	0.027
19000	0.015	0.011	0.005	0.007	0.045	0.003	0.009	0.02	0.017	0.027	0.041	0.026	0.021	0.022	0.031	0.006	0.031	0.042	0.015	0.025	0.019
20000	0.038	0.044	0.036	0.089	0.024	0.037	0.021	0.027	0.04	0.074	0.078	0.044	0.039	0.01	0.043	0.057	0.056	0.013	0.002	0.064	0.031
