Hz	Up 0.05 #1	Up 0.05 #2	Up 0.05 #3	Up 0.05 #4	Up 0.05 #5	Up 0.1 #1	Up 0.1 #2	Up 0.1 #3	Up 0.1 #4	Up 0.1 #5	NG #1	NG #2	NG #3	NG #4	NG #5	REF	UP	LOW	MASK
20	89.398	90.07	90.111	89.127	89.916	89.128	89.445	89.315	90.293	88.967	90.221	89.884	90.135	90.271	90.109	87.546	90.746	84.346	3.2
21.2	90.659	90.824	90.996	89.868	90.924	89.796	90.109	90.208	91.207	89.831	91.06	90.746	91.043	90.955	90.838	88.253	91.453	85.053	3.2
22.4	90.941	91.547	91.682	90.707	91.635	90.791	90.837	90.789	91.865	90.574	91.789	91.468	91.804	91.788	91.58	88.964	92.164	85.764	3.2
23.6	91.99	92.106	92.325	91.385	92.497	91.352	91.767	91.507	92.668	91.275	92.425	92.093	92.438	92.392	92.329	89.843	93.043	86.643	3.2
25	92.701	93.041	93.051	92.162	93.182	92.09	92.588	92.277	93.339	92.125	93.211	92.902	93.124	93.19	93.254	90.473	93.673	87.273	3.2
26.5	93.261	93.697	93.758	92.912	93.812	93.045	93.357	93.09	94.043	92.895	94.035	93.823	93.987	94.042	93.847	91.337	94.537	88.137	3.2
28	94.147	94.451	94.684	93.588	94.675	93.653	93.999	93.902	94.816	93.6	94.719	94.476	94.651	94.687	94.678	92.006	95.206	88.806	3.2
30	95.059	95.295	95.532	94.572	95.563	94.617	94.881	94.822	95.675	94.564	95.65	95.43	95.546	95.671	95.597	93.007	96.207	89.807	3.2
31.5	95.676	95.958	96.228	95.269	96.128	95.302	95.555	95.476	96.287	95.231	96.252	96.086	96.272	96.256	96.236	93.627	96.827	90.427	3.2
33.5	96.379	96.654	97	96.073	96.934	96.09	96.303	96.252	97.087	95.951	97.132	96.971	97.061	97.202	97.044	94.51	97.71	91.31	3.2
35.5	97.096	97.484	97.757	96.871	97.657	96.851	97.001	96.928	97.885	96.763	97.907	97.714	97.813	97.974	97.79	95.276	98.476	92.076	3.2
37.5	97.879	97.942	98.471	97.597	98.3	97.565	97.745	97.699	98.567	97.383	98.608	98.413	98.481	98.669	98.462	95.97	99.17	92.77	3.2
40	98.656	98.777	99.226	98.448	99.152	98.368	98.634	98.437	99.331	98.281	99.442	99.235	99.294	99.518	99.301	96.904	99.604	94.204	2.7
42.5	99.404	99.297	100.002	99.207	99.896	99.194	99.347	99.21	100.106	98.994	100.247	100.036	100.035	100.3	100.083	97.701	100.401	95.001	2.7
45	100.125	100.19	100.703	99.852	100.54	99.814	100.042	99.894	100.751	99.773	100.862	100.775	100.769	101.024	100.789	98.48	101.18	95.78	2.7
47.5	100.75	100.817	101.378	100.614	101.198	100.544	100.722	100.64	101.417	100.403	101.535	101.529	101.47	101.632	101.528	99.181	101.881	96.481	2.7
50	101.396	101.392	102.02	101.252	101.785	101.165	101.332	101.22	102.016	101.076	102.195	102.126	102.088	102.277	102.144	99.857	102.557	97.157	2.7
53	102.078	102.125	102.678	101.963	102.469	101.874	102.002	101.892	102.665	101.716	102.884	102.79	102.783	103.064	102.793	100.569	103.269	97.869	2.7
56	102.703	102.727	103.299	102.657	103.003	102.546	102.684	102.547	103.301	102.342	103.584	103.494	103.42	103.694	103.482	101.342	104.042	98.642	2.7
60	103.503	103.492	104.103	103.468	103.785	103.366	103.46	103.366	104.095	103.204	104.418	104.303	104.175	104.459	104.302	102.197	104.897	99.497	2.7
63	104.019	104.094	104.638	104.077	104.326	103.947	104	103.887	104.595	103.76	104.952	104.895	104.745	105.016	104.909	102.836	105.536	100.136	2.7
67	104.714	104.773	105.317	104.793	105.02	104.622	104.655	104.618	105.259	104.478	105.675	105.636	105.443	105.747	105.571	103.584	106.284	100.884	2.7
71	105.357	105.393	105.971	105.497	105.656	105.307	105.302	105.278	105.886	105.103	106.305	106.265	106.085	106.395	106.193	104.297	106.997	101.597	2.7
75	105.919	105.962	106.551	106.11	106.201	105.915	105.881	105.873	106.441	105.711	106.899	106.897	106.686	107.001	106.836	104.976	107.676	102.276	2.7
80	106.641	106.63	107.209	106.862	106.889	106.632	106.59	106.584	107.13	106.434	107.59	107.59	107.366	107.712	107.501	105.748	108.448	103.048	2.7
85	107.279	107.235	107.843	107.537	107.515	107.288	107.199	107.242	107.738	107.065	108.24	108.231	108.008	108.35	108.169	106.479	109.179	103.779	2.7
90	107.857	107.833	108.46	108.171	108.09	107.891	107.797	107.833	108.301	107.691	108.837	108.839	108.605	108.948	108.762	107.164	109.864	104.464	2.7
95	108.425	108.39	109.018	108.77	108.631	108.482	108.342	108.414	108.851	108.262	109.393	109.42	109.172	109.513	109.34	107.792	110.492	105.092	2.7
100	108.952	108.854	109.535	109.311	109.156	109.019	108.862	108.963	109.356	108.789	109.919	109.924	109.687	110.04	109.863	108.402	110.102	106.702	1.7
106	109.549	109.355	110.148	109.951	109.746	109.631	109.439	109.564	109.937	109.388	110.521	110.566	110.285	110.647	110.459	109.013	110.713	107.313	1.7
112	110.111	110.076	110.715	110.52	110.311	110.196	109.998	110.131	110.478	109.946	111.104	111.105	110.846	111.2	111.017	109.751	111.451	108.051	1.7
118	110.646	110.579	111.23	111.085	110.82	110.72	110.517	110.664	110.989	110.484	111.626	111.636	111.385	111.728	111.552	110.342	112.042	108.642	1.7
125	111.23	111.152	111.787	111.682	111.391	111.286	111.099	111.251	111.552	111.08	112.202	112.213	111.944	112.306	112.124	110.899	112.599	109.199	1.7
132	111.764	111.73	112.326	112.255	111.923	111.834	111.632	111.81	112.092	111.608	112.731	112.766	112.506	112.847	112.678	111.511	113.211	109.811	1.7
140	112.339	112.303	112.921	112.858	112.503	112.429	112.211	112.406	112.661	112.207	113.343	113.349	113.102	113.437	113.255	112.17	113.87	110.47	1.7
150	113.02	112.945	113.611	113.567	113.181	113.14	112.876	113.096	113.339	112.882	114.024	114.031	113.789	114.125	113.937	112.911	114.611	111.211	1.7
160	113.649	113.593	114.222	114.214	113.808	113.796	113.496	113.723	113.954	113.535	114.649	114.674	114.417	114.758	114.567	113.585	115.285	111.885	1.7
170	114.23	114.156	114.817	114.808	114.398	114.377	114.074	114.315	114.532	114.105	115.236	115.258	115.005	115.333	115.157	114.219	115.919	112.519	1.7
180	114.767	114.672	115.361	115.369	114.929	114.907	114.603	114.867	115.065	114.65	115.786	115.806	115.55	115.889	115.692	114.805	116.505	113.105	1.7
190	115.278	115.305	115.872	115.885	115.433	115.431	115.105	115.378	115.571	115.157	116.288	116.305	116.059	116.403	116.201	115.336	117.036	113.636	1.7
200	115.751	115.774	116.347	116.378	115.906	115.902	115.567	115.85	116.041	115.628	116.769	116.788	116.532	116.88	116.679	115.847	117.547	114.147	1.7
212	116.278	116.209	116.869	116.913	116.434	116.448	116.077	116.384	116.575	116.159	117.305	117.319	117.06	117.417	117.216	116.411	118.111	114.711	1.7
224	116.767	116.763	117.37	117.411	116.929	116.933	116.565	116.9	117.057	116.657	117.801	117.808	117.556	117.908	117.696	116.935	118.635	115.235	1.7
236	117.227	117.151	117.829	117.875	117.394	117.384	117.019	117.33	117.514	117.117	118.254	118.277	118.015	118.37	118.16	117.431	119.131	115.731	1.7
250	117.743	117.673	118.334	118.379	117.886	117.861	117.524	117.841	118.021	117.627	118.76	118.772	118.491	118.856	118.655	117.971	119.671	116.271	1.7
265	118.254	118.209	118.833	118.886	118.39	118.327	118.057	118.357	118.518	118.133	119.244	119.254	118.953	119.356	119.12	118.498	120.198	116.798	1.7
280	118.736	118.683	119.298	119.345	118.871	118.821	118.536	118.823	118.977	118.609	119.694	119.72	119.435	119.836	119.563	118.983	120.683	117.283	1.7
300	119.334	119.28	119.881	119.926	119.476	119.481	119.143	119.425	119.596	119.215	120.299	120.305	120.081	120.409	120.172	119.57	121.27	117.87	1.7
315	119.751	119.693	120.286	120.342	119.896	119.902	119.556	119.831	120.013	119.625	120.718	120.708	120.503	120.823	120.584	119.991	121.691	118.291	1.7
335	120.273	120.205	120.79	120.848	120.421	120.384	120.078	120.339	120.526	120.138	121.223	121.206	121.018	121.315	121.088	120.558	122.258	118.858	1.7
355	120.754	120.709	121.261	121.315	120.914	120.798	120.561	120.83	121.009	120.615	121.688	121.671	121.493	121.777	121.56	121.075	122.775	119.375	1.7
375	121.215	121.104	121.702	121.756	121.371	121.262	121.016	121.277	121.468	121.083	122.129	122.097	121.942	122.204	121.994	121.556	123.256	119.856	1.7
400	121.757	121.742	122.22	122.273	121.929	121.79	121.563	121.815	122.003	121.629	122.64	122.613	122.46	122.716	122.508	122.112	123.812	120.412	1.7
425	122.255	122.295	122.713	122.769	122.445	122.296	122.076	122.322	122.525	122.143	123.128	123.087	122.975	123.173	122.992	122.645	124.345	120.945	1.7
450	122.759	122.838	123.18	123.235	122.945	122.789	122.572	122.806	123.023	122.632	123.597	123.551	123.44	123.656	123.464	123.142	124.842	121.442	1.7
475	123.248	123.321	123.642	123.689	123.418	123.25	123.047	123.266	123.497	123.1	124.047	123.996	123.905	124.099	123.914	123.626	125.326	121.926	1.7
500	123.695	123.79	124.08	124.116	123.878	123.699	123.507	123.72	123.959	123.557	124.48	124.423	124.348	124.534	124.346	124.084	125.784	122.384	1.7
530	124.237	124.354	124.596	124.622	124.419	124.225	124.042	124.244	124.497	124.086	124.987	124.933	124.871	125.03	124.854	124.63	126.33	122.93	1.7
560	124.768	124.872	125.097	125.12	124.945	124.742	124.573	124.756	125.032	124.606	125.481	125.417	125.381	125.521	125.354	125.149	126.849	123.449	1.7
600	125.461	125.585	125.761	125.779	125.648	125.417	125.262	125.443	125.736	125.307	126.142	126.066	126.043	126.173	126.015	125.837	127.537	124.137	1.7
630	125.977	126.105	126.262	126.264	126.173	125.924	125.784	125.948	126.247	125.823	126.632	126.577	126.556	126.66	126.506	126.35	128.05	124.65	1.7
670	126.672	126.807	126.93	126.93	126.865	126.607	126.476	126.623	126.942	126.499	127.297	127.231	127.23	127.318	127.172	127.031	128.731	125.331	1.7
710	127.358	127.495	127.592	127.585	127.539	127.284	127.162	127.292	127.632	127.173	127.954	127.893	127.894	127.983	127.826	127.702	129.402	126.002	1.7
750	128.033	128.167	128.246	128.244	128.222	127.949	127.833	127.948	128.318	127.845	128.608	128.521	128.552	128.629	128.48	128.363	130.063	126.663	1.7
800	128.856	129.004	129.057	129.047	129.052	128.764	128.669	128.761	129.155	128.666	129.42	129.318	129.355	129.435	129.289	129.179	130.879	127.479	1.7
850	129.662	129.816	129.847	129.838	129.86	129.562	129.474	129.558	129.945	129.466	130.201	130.112	130.171	130.228	130.085	129.971	131.671	128.271	1.7
900	130.437	130.573	130.616	130.598	130.624	130.34	130.236	130.308	130.728	130.229	130.962	130.887	130.929	130.99	130.845	130.714	132.414	129.014	1.7
950	131.164	131.298	131.346	131.314	131.352	131.062	130.96	131.03	131.453	130.953	131.68	131.613	131.672	131.711	131.576	131.419	133.119	129.719	1.7
1000	131.835	131.981	132.017	131.985	132.015	131.742	131.632	131.692	132.125	131.632	132.35	132.273	132.344	132.395	132.251	132.065	133.765	130.365	1.7
1060	132.509	132.671	132.704	132.68	132.694	132.436	132.32	132.381	132.81	132.32	133.034	132.983	133.03	133.102	132.956	132.743	134.443	131.043	1.7
1120	132.956	133.111	133.158	133.155	133.147	132.889	132.775	132.84	133.271	132.792	133.48	133.461	133.498	133.563	133.411	133.184	134.884	131.484	1.7
1180	133.034	133.211	133.261	133.268	133.251	132.965	132.888	132.979	133.37	132.914	133.575	133.558	133.581	133.654	133.491	133.269	134.969	131.569	1.7
1250	132.627	132.794	132.86	132.856	132.834	132.534	132.47	132.584	132.95	132.51	133.141	133.126	133.15	133.213	133.048	132.839	134.539	131.139	1.7
1320	131.691	131.869	131.918	131.908	131.906	131.606	131.538	131.674	132.019	131.602	132.206	132.167	132.199	132.252	132.07	131.903	133.603	130.203	1.7
1400	130.241	130.44	130.464	130.436	130.471	130.149	130.099	130.246	130.586	130.171	130.761	130.717	130.755	130.803	130.621	130.487	132.187	128.787	1.7
1500	128.298	128.492	128.491	128.45	128.521	128.175	128.15	128.295	128.643	128.227	128.8	128.757	128.796	128.829	128.64	128.559	130.259	126.859	1.7
1600	126.471	126.673	126.648	126.603	126.698	126.333	126.329	126.467	126.827	126.403	126.96	126.91	126.965	126.984	126.791	126.752	128.452	125.052	1.7
1700	124.888	125.093	125.046	125.002	125.119	124.747	124.736	124.87	125.252	124.823	125.36	125.302	125.362	125.367	125.173	125.165	126.865	123.465	1.7
1800	123.529	123.727	123.682	123.635	123.765	123.393	123.383	123.504	123.903	123.47	123.992	123.924	123.989	123.981	123.801	123.797	125.497	122.097	1.7
1900	122.355	122.528	122.478	122.448	122.581	122.218	122.207	122.315	122.733	122.296	122.806	122.737	122.805	122.783	122.623	122.624	124.324	120.924	1.7
2000	121.33	121.489	121.43	121.423	121.547	121.19	121.181	121.27	121.717	121.283	121.764	121.723	121.781	121.754	121.617	121.606	123.306	119.906	1.7
2120	120.268	120.446	120.369	120.373	120.469	120.128	120.094	120.193	120.674	120.242	120.695	120.667	120.723	120.697	120.576	120.562	122.262	118.862	1.7
2240	119.386	119.586	119.493	119.491	119.606	119.235	119.33	119.302	119.778	119.334	119.797	119.737	119.804	119.816	119.668	119.676	121.376	117.976	1.7
2360	118.633	118.855	118.76	118.726	118.881	118.499	118.64	118.549	119.031	118.58	119.024	118.993	119.033	119.079	118.884	119.007	120.707	117.307	1.7
2500	117.893	118.204	118.07	118.003	118.219	117.82	117.916	117.811	118.38	117.979	118.377	118.338	118.389	118.353	118.17	118.226	119.926	116.526	1.7
2650	117.316	117.658	117.48	117.423	117.655	117.258	117.345	117.212	117.797	117.403	117.771	117.769	117.839	117.85	117.636	117.587	119.287	115.887	1.7
2800	116.964	117.261	117.107	117.063	117.189	116.871	116.9	116.999	117.445	117.015	117.36	117.354	117.406	117.398	117.189	117.195	118.895	115.495	1.7
3000	116.324	116.623	116.45	116.394	116.566	116.166	116.289	116.304	116.788	116.259	116.549	116.632	116.653	116.6	116.338	116.352	118.552	114.152	2.2
3150	116.097	116.453	116.294	116.273	116.364	116.001	116.069	116.123	116.608	116.168	116.444	116.442	116.592	116.527	116.211	116.299	118.499	114.099	2.2
3350	116.267	116.568	116.407	116.299	116.508	116.093	116.23	116.242	116.726	116.496	116.683	116.347	116.714	116.563	116.455	116.314	118.514	114.114	2.2
3550	116.526	116.687	116.534	116.474	116.719	116.315	116.541	116.559	117.199	116.636	116.668	116.57	116.78	116.856	116.506	116.707	118.907	114.507	2.2
3750	116.849	117.162	117.06	117.087	117.149	116.798	116.95	117.002	117.631	117.245	117.309	117.046	117.137	117.482	116.895	117.29	119.49	115.09	2.2
4000	117.973	118.283	118.078	118.032	118.246	117.819	117.847	117.87	118.57	118.271	118.429	118.44	118.373	118.465	118.309	118.336	120.536	116.136	2.2
4250	119.209	119.553	119.335	119.301	119.463	119.144	119.211	119.148	119.808	119.468	119.597	119.558	119.754	119.524	119.411	119.485	121.685	117.285	2.2
4500	120.41	120.788	120.579	120.533	120.67	120.353	120.474	120.38	121.082	120.726	120.79	120.785	120.937	120.864	120.632	120.62	122.82	118.42	2.2
4750	121.592	121.996	121.812	121.772	121.856	121.57	121.646	121.601	122.337	121.997	122.009	122.059	122.193	122.128	121.874	121.868	124.068	119.668	2.2
5000	121.623	121.971	121.834	121.808	121.838	121.583	121.668	121.638	122.338	121.943	122.008	122.069	122.169	122.105	121.914	121.997	124.697	119.297	2.7
5300	119.372	119.585	119.619	119.62	119.578	119.338	119.458	119.377	120.096	119.626	119.817	119.754	119.878	119.844	119.675	119.958	122.658	117.258	2.7
5600	116.594	116.778	116.851	116.828	116.776	116.565	116.654	116.603	117.31	116.825	117.231	117.212	117.296	117.13	117.035	117.184	119.884	114.484	2.7
6000	112.948	113.065	113.116	113.196	113.084	112.824	112.897	112.854	113.55	112.959	113.431	113.463	113.636	113.297	113.42	113.803	117.503	110.103	3.7
6300	110.825	110.886	110.887	110.904	110.922	110.7	110.655	110.666	111.259	110.593	111.305	111.217	111.235	111.134	111.371	111.779	115.479	108.079	3.7
6700	108.719	108.665	108.66	108.562	108.889	108.464	108.514	108.717	108.934	108.349	109.059	108.894	109.067	108.934	109.285	109.783	113.483	106.083	3.7
7100	107.341	107.235	107.386	107.373	107.539	107.122	107.246	107.572	107.674	107.178	107.803	107.63	107.86	107.699	108.052	108.434	112.134	104.734	3.7
7500	106.522	106.497	106.535	106.798	106.782	106.556	106.809	106.922	107.029	106.617	107.027	107.185	107.021	106.877	107.248	107.652	111.352	103.952	3.7
8000	106.298	106.363	106.329	106.595	106.561	106.395	106.643	106.702	107.133	106.456	106.821	106.815	106.657	106.554	106.654	107.254	110.954	103.554	3.7
8500	107.171	107.515	107.333	107.417	107.451	107.334	107.608	107.579	108.017	107.127	107.6	107.686	107.752	107.547	107.488	108.031	111.731	104.331	3.7
9000	109.413	109.983	109.746	109.785	109.83	109.739	110.05	110.003	110.365	108.909	110.011	109.993	110.02	110.033	109.717	110.306	114.006	106.606	3.7
9500	113.098	113.115	113.272	113.101	113.373	113.253	113.772	113.7	113.507	110.986	113.356	113.653	113.459	113.626	113.446	113.976	117.676		3.7
10000	119.301	118.505	118.549	118.868	119.318	119.15	118.944	119.324	118.087	115.283	119.357	119.52	118.859	119.148	119.679	120.113	124.813		4.7
10600	125.463	123.298	122.924	124.02	124.959	123.476	122.862	124.248	122.148	120.49	124.51	124.746	123.742	123.997	125.177	125.241	129.941		4.7
11200	117.093	115.917	115.252	115.58	116.929	114.899	114.666	116.297	114.303	113.103	116.073	116.439	115.535	116.101	115.821	115.927	120.627		4.7
11800	113.371	111.661	110.931	111.154	113.361	109.818	110.095	111.314	110.066	108.907	111.69	112.379	111.691	112.275	110.468	111.21	115.91		4.7
12500	110.85	108.098	107.726	108.479	110.545	106.529	106.958	107.786	107.442	105.975	109.055	109.373	109.259	109.411	107.506	108.701	113.401		4.7
13200	108.394	105.699	105.172	106.777	107.816	105.152	105.101	105.978	105.69	104.052	107.249	107.591	107.713	107.049	106.582	107.635	112.335		4.7
14000	106.906	104.42	104.26	106.046	106.723	105.735	104.393	104.874	105.415	103.53	106.864	107.063	107.242	105.929	107.38	108.083	112.783		4.7
15000	109.107	107.141	107.135	109.243	109.257	109.945	107.616	107.707	108.698	106.751	109.886	109.982	110.553	108.814	110.994	111.934	116.634		4.7
16000	104.997	102.688	103.503	105.927	105.183	106.171	103.851	104.97	104.718	103.302	106.077	105.996	106.096	104.678	107.499	108.499	113.199		4.7
17000	95.276	94.213	95.532	96.652	95.402	97.369	94.693	96.881	95.806	95.648	96.739	96.514	96.844	95.168	99.133	99.747	104.447		4.7
18000	94.119	95.267	96.005	94.189	93.726	95.584	93.325	94.017	94.485	97.482	95.243	94.15	94.639	94.022	96.723	97.188	101.888		4.7
19000	100.818	103.265	103.002	100.058	100.706	102.385	100.201	98.829	101.275	105.702	101.598	99.871	101.552	100.971	101.343	102.016	106.716		4.7
20000	104.524	106.491	106.205	104.017	104.277	105.074	103.818	103.106	104.189	108.684	105.057	102.897	104.871	104.203	103.525	105.304	110.004		4.7
