## 23.8
〔bg=#C4BD97,b〕TITLE	〔b〕REPORT TEST MATERIAL CENTER DOME OF NEW VENDER GES TRADING OF MODEL MSU-L20L15-07																〔bg=#C4BD97,b〕Dept	ME
																	〔bg=#C4BD97,b〕Date	23/Aug
																	〔bg=#C4BD97,b〕Maker	Thao
〔bg=#C4BD97,b〕1. Purpose test																		
 - Test material center Dome new vender GES TRADING 																		
〔bg=#C4BD97,b〕2. Content of testing																		
 - Test material Center dome new vender GES TRADING 																		
 - Make sample and checking VP+CD ass'y																		
 - Checking tension and make final sample and checking function																		
 - Checking NTI and Relibity at A1																		
〔bg=#C4BD97,b〕3.Result test																		
	〔b〕1. RESULT CHECKING VP+CD SEPARATE AT PROCESS SUB1 VP+CD ASS'Y																	
	〔bg=#B7DEE8,b〕No	〔bg=#B7DEE8,b〕Date	〔bg=#B7DEE8,b〕Line	〔bg=#B7DEE8,b〕Type	〔bg=#B7DEE8,b〕Vender		〔bg=#B7DEE8,b〕Q'ty check	〔bg=#B7DEE8,b〕OK	〔bg=#B7DEE8,b〕NG	〔bg=#B7DEE8,b〕 NG Rate								
	1	22/Aug	E2-4B	Material CD	GES TRADING 		133	133	〔fg=#FF0000〕0	〔fg=#FF0000〕0.0%								
	2				Normal  (Ralon laser)		100	100	〔fg=#FF0000〕0	〔fg=#FF0000〕0.0%								
	1	24/Aug	E2-4B	Material CD	GES TRADING  (No laser)		87	87	〔fg=#FF0000〕0	〔fg=#FF0000〕0.0%								
	2				GES TRADING  ( laser)		135	135	〔fg=#FF0000〕0	〔fg=#FF0000〕0.0%								
	4				Normal   (Ralon laser)		140	140	〔fg=#FF0000〕0	〔fg=#FF0000〕0.0%								
	〔b〕2. RESULT TENSION TEST																	
	〔bg=#B7DEE8,b〕RESULT CHECKING TENSION														〔bg=#FCD5B4,b〕Min	〔bg=#FCD5B4,b〕Max	〔bg=#FCD5B4,b〕AVG	
	〔bg=#DDD9C4,b〕Date	〔bg=#DDD9C4,b〕Spec	〔bg=#DDD9C4,b〕Type Test		〔bg=#DDD9C4,b〕Sample #1	〔bg=#DDD9C4,b〕Sample #2	〔bg=#DDD9C4,b〕Sample #3	〔bg=#DDD9C4,b〕Sample #4	〔bg=#DDD9C4,b〕Sample #5	〔bg=#DDD9C4,b〕Sample #6	〔bg=#DDD9C4,b〕Sample #7	〔bg=#DDD9C4,b〕Sample #8	〔bg=#DDD9C4,b〕Sample #9	〔bg=#DDD9C4,b〕Sample #10				
	23/Aug	VP+CD   SPEC ≥ 1.2Kgf	GES TRADING		2.483	2.197	2.435	2.458	2.715	2.777	2.244	2.817	2.263	2.271	〔b〕2.20	〔b〕2.82	〔b〕2.47	
			Normal  (Ralon laser)		2.166	2.337	2.265	2.039	2.17	2.207	2.426	2.456	2.675		〔b〕2.04	〔b〕2.67	〔b〕2.30	
	25/Aug	VP+CD   SPEC ≥ 1.2Kgf	GES TRADING  (No laser)		2.518	2.393	2.417	2.206	2.583	2.669	2.727	2.238	2.297	2.019	〔b〕2.02	〔b〕2.73	〔b〕2.41	
			GES TRADING  ( laser)		3.312	3.512	3.518	3.331	3.032	3.34	3.63	3.509	3.345	3.502	〔b〕3.03	〔b〕3.63	〔b〕3.40	
			Normal  (Ralon laser)		3.379	3.023	3.181	3.214	3.31	3.11	2.968	3.159	2.951	3.027	〔b〕2.95	〔b〕3.38	〔b〕3.13	
	〔b〕3. RESULT CHECKING FUNCTION																	
	〔bg=#B7DEE8,b〕Date	〔bg=#B7DEE8,b〕Type	〔bg=#B7DEE8,b〕Input 	〔bg=#B7DEE8,b〕OK 	〔bg=#B7DEE8,b〕Sigma 				〔bg=#B7DEE8,b〕Hearing 		〔bg=#B7DEE8,b〕Total NG	〔bg=#B7DEE8,b〕Total NG   rate	〔bg=#B7DEE8,b〕Result decap NG hearing +Sigma  Check VP/CD separate					
					〔bg=#B7DEE8,b〕SPL 	〔bg=#B7DEE8,b〕THD 	〔bg=#B7DEE8,b〕SPL+THD 	〔bg=#B7DEE8,b〕SPL+THD+F0	〔bg=#B7DEE8,b〕Noise 	〔bg=#B7DEE8,b〕Touch 								
	23/Aug	GES TRADING    (No laser)  	133	129	0	0	0	0	3	1	4	3.0%	〔fg=#FF0000〕NG separate VP + CD:4pcs					
					〔fg=#FF0000〕0.0%	〔fg=#FF0000〕0.0%	〔fg=#FF0000〕0.0%	〔fg=#FF0000〕0.0%	〔fg=#FF0000〕2.3%	〔fg=#FF0000〕0.8%								
		Normal  (Ralon laser)	1120	1095	0	0	0	0	15	10	25	2.2%						
					〔fg=#FF0000〕0.0%	〔fg=#FF0000〕0.0%	〔fg=#FF0000〕0.0%	〔fg=#FF0000〕0.0%	〔fg=#FF0000〕1.3%	〔fg=#FF0000〕0.9%								
	25/Aug	GES TRADING  (No laser)	87	85	0	0	0	0	2	0	2	2.3%	〔fg=#FF0000〕NG separate VP+CD:1/2pcs					
					〔fg=#FF0000〕0.0%	〔fg=#FF0000〕0.0%	〔fg=#FF0000〕0.0%	〔fg=#FF0000〕0.0%	〔fg=#FF0000〕2.3%	〔fg=#FF0000〕0.0%								
		GES TRADING  ( laser)	134	132	0	0	0	0	2	0	2	1.5%	〔fg=#FF0000〕NG separate VP + CD:0/2 pcs					
					〔fg=#FF0000〕0.0%	〔fg=#FF0000〕0.0%	〔fg=#FF0000〕0.0%	〔fg=#FF0000〕0.0%	〔fg=#FF0000〕1.5%	〔fg=#FF0000〕0.0%								
		Normal Ralon  (laser)	135	135	0	0	0	0	0	0	0	0.0%						
					〔fg=#FF0000〕0.0%	〔fg=#FF0000〕0.0%	〔fg=#FF0000〕0.0%	〔fg=#FF0000〕0.0%	〔fg=#FF0000〕0.0%	〔fg=#FF0000〕0.0%								
		〔bg=#92D050〕Total Test GES TRADING	〔bg=#92D050〕354	〔bg=#92D050〕346	〔bg=#92D050〕0	〔bg=#92D050〕0	〔bg=#92D050〕0	〔bg=#92D050〕0	〔bg=#92D050〕7	〔bg=#92D050〕1	〔bg=#92D050〕8	〔bg=#92D050〕2.3%						
					〔bg=#92D050,fg=#FF0000〕0.0%	〔bg=#92D050,fg=#FF0000〕0.0%	〔bg=#92D050,fg=#FF0000〕0.0%	〔bg=#92D050,fg=#FF0000〕0.0%	〔bg=#92D050,fg=#FF0000〕2.0%	〔bg=#92D050,fg=#FF0000〕0.3%								
		〔bg=#92D050〕Total Test Normal Ralon	〔bg=#92D050〕1255	〔bg=#92D050〕1230	〔bg=#92D050〕0	〔bg=#92D050〕0	〔bg=#92D050〕0	〔bg=#92D050〕0	〔bg=#92D050〕15	〔bg=#92D050〕10	〔bg=#92D050〕25	〔bg=#92D050〕2.0%						
					〔bg=#92D050,fg=#FF0000〕0.0%	〔bg=#92D050,fg=#FF0000〕0.0%	〔bg=#92D050,fg=#FF0000〕0.0%	〔bg=#92D050,fg=#FF0000〕0.0%	〔bg=#92D050,fg=#FF0000〕1.2%	〔bg=#92D050,fg=#FF0000〕0.8%								
	〔b〕This is Pic NG VP+CD separate type CD GES TRADING																	
〔bg=#C4BD97,b〕4. Decision																		
〔b〕 => Result test material CD GES TRADING :																		
〔b〕 - Result checking process VP+CD ass'y All OK																		
〔b〕 - Result checking tension All OK																		
〔b〕 - Result checking Function CD GES TRADING NG 8/354pcs rate 2.3% same same NG normal rate 2% 																		
〔b〕 - Result checking NG VP+CD separate VP+CD after checking Function : Type No laser CD NG 5/7pcs type CD laser All OK 																		
〔b〕 => CAN USE material CD of new vender GES TRADING ( need laser material CD )																		

## NTI_종합
〔b〕MASK	
HZ	%
100	90
240	42
312	35
500	25
1000	10
2000	8
4500	6
7000	10
14000	8

## SPL DATA_(NTI
					〔b〕Test 1 : CD KR												〔b〕Test 2 : CD GES TRADING																						
	〔fg=#0000FF,b〕MASK 1	〔fg=#0000FF,b〕MASK 2	〔fg=#0000FF,b〕 ST 		〔fg=#0000FF,b〕Test 1  #1	〔fg=#0000FF,b〕Test 1  #2	〔fg=#0000FF,b〕Test 1  #3	〔fg=#0000FF,b〕Test 1  #4	〔fg=#0000FF,b〕Test 1  #5	〔fg=#0000FF,b〕Test 1  #6	〔fg=#0000FF,b〕Test 1  #7	〔fg=#0000FF,b〕Test 1  #8	〔fg=#0000FF,b〕Test 1  #9	〔fg=#0000FF,b〕Test 1  #10	〔fg=#FF0000,b〕CD KR AVG		〔fg=#0000FF,b〕Test 2 #1	〔fg=#0000FF,b〕Test 2 #2	〔fg=#0000FF,b〕Test 2 #3	〔fg=#0000FF,b〕Test 2 #4	〔fg=#0000FF,b〕Test 2 #5	〔fg=#0000FF,b〕Test 2 #6	〔fg=#0000FF,b〕Test 2 #7	〔fg=#0000FF,b〕Test 2 #8	〔fg=#0000FF,b〕Test 2 #9	〔fg=#0000FF,b〕Test 2 #10	〔fg=#FF0000,b〕CD GES TRADING  AVG		〔fg=#0000FF,b〕Normal  #1	〔fg=#0000FF,b〕Normal  #2	〔fg=#0000FF,b〕Normal  #3	〔fg=#0000FF,b〕Normal  #4	〔fg=#0000FF,b〕Normal  #5	〔fg=#0000FF,b〕Normal  #6	〔fg=#0000FF,b〕Normal  #7	〔fg=#0000FF,b〕Normal  #8	〔fg=#0000FF,b〕Normal  #9	〔fg=#0000FF,b〕Normal  #10	〔fg=#FF0000,b〕Normal  AVG
100	82.71099	76.71099	79.71099		80.04898	79.93996	79.79914	79.95516	79.99493	79.82959	79.91575	80.05882	80.05313	80.13379	79.97293		79.97823	80.03167	79.93758	79.98589	79.9249	79.76926	80.37083	79.75446	80.15102	80.27667	80.01805		80.03531	80.29487	80.34813	79.84681	80.24227	79.82441	79.97358	79.93358	80.04995	79.86401	80.04129
106	83.18303	77.18303	80.18303		80.52811	80.39678	80.28958	80.43866	80.49751	80.28125	80.34675	80.55056	80.54844	80.6237	80.45013		80.42825	80.50891	80.27553	80.47206	80.39754	80.2384	80.8123	80.19027	80.62128	80.73876	80.46833		80.52121	80.7561	80.81051	80.34182	80.7161	80.31762	80.46626	80.44176	80.51718	80.35554	80.52441
112	83.73315	77.73315	80.73315		81.07238	80.93586	80.85064	81.00863	81.04292	80.8129	80.9191	81.10695	81.08706	81.17112	81.00076		80.98037	81.05574	80.86335	81.02926	80.93256	80.801	81.31781	80.74003	81.14807	81.27761	81.01458		81.07683	81.29277	81.35212	80.89431	81.25569	80.8605	81.01204	80.99247	81.06666	80.90417	81.07076
118	84.73254	78.73254	81.73254		82.06412	81.91389	81.85901	81.99857	82.06156	81.79783	81.91893	82.09608	82.06861	82.17375	81.99524		81.95774	82.0491	81.8953	82.01487	81.92153	81.81535	82.29582	81.75767	82.15072	82.25385	82.01120		82.07734	82.24899	82.33137	81.8922	82.23281	81.84612	82.03616	81.97441	82.05717	81.89439	82.05910
125	85.79511	79.79511	82.79511		83.13316	82.99395	83.00259	83.0736	83.11908	82.85873	83.00249	83.17076	83.12892	83.23793	83.07212		83.02609	83.11552	82.99655	83.0811	82.98278	82.88595	83.34166	82.86715	83.22814	83.30264	83.08276		83.16202	83.33403	83.37892	82.96943	83.29792	82.92012	83.08469	83.05811	83.15213	82.98528	83.13426
132	86.95128	80.95128	83.95128		84.3003	84.13323	84.18049	84.2168	84.26064	83.98985	84.16655	84.33892	84.2684	84.41757	84.22727		84.19785	84.25617	84.1983	84.22582	84.12266	84.02845	84.52972	84.03328	84.38964	84.45673	84.24386		84.28559	84.5156	84.53612	84.13076	84.44659	84.07506	84.23457	84.21791	84.33827	84.15483	84.29353
140	88.21762	82.21762	85.21762		85.54781	85.40116	85.46272	85.45685	85.51076	85.25642	85.44571	85.60572	85.5176	85.64493	85.48497		85.45765	85.52858	85.55763	85.47885	85.3732	85.29224	85.80586	85.32432	85.6571	85.72562	85.52010		85.54323	85.80014	85.79442	85.3777	85.68472	85.31576	85.4174	85.46863	85.61912	85.40645	85.54276
150	89.51027	83.51027	86.51027		86.81535	86.69183	86.76059	86.71627	86.78475	86.53006	86.7038	86.87479	86.78844	86.9096	86.75755		86.73296	86.80155	86.85129	86.75927	86.65121	86.5587	87.11462	86.6223	86.95542	87.0147	86.80620		86.8243	87.1151	87.07305	86.64672	86.93366	86.59424	86.69037	86.74982	86.90753	86.67343	86.82082
160	90.78010	84.78010	87.7801		88.0693	87.96514	88.02496	87.97516	88.04305	87.79222	87.96611	88.13318	88.02651	88.16578	88.01614		88.00069	88.0691	88.116	88.03385	87.92103	87.83601	88.39979	87.91395	88.21313	88.27657	88.07801		88.09546	88.42562	88.34038	87.90246	88.1921	87.87406	87.93417	88.02654	88.17857	87.93649	88.09059
170	92.07091	86.07091	89.07091		89.3897	89.27349	89.3273	89.28403	89.35501	89.10987	89.27349	89.44669	89.31481	89.4888	89.32632		89.29716	89.35368	89.43227	89.34497	89.2504	89.15861	89.68919	89.19484	89.51526	89.60068	89.38371		89.39994	89.74978	89.66617	89.23818	89.51544	89.19905	89.27925	89.3357	89.51964	89.26149	89.41646
180	93.45628	87.45628	90.45628		90.79976	90.69752	90.73549	90.72939	90.76886	90.5496	90.67924	90.87465	90.70982	90.91839	90.74627		90.71302	90.75028	90.82886	90.76964	90.70097	90.53743	91.03135	90.53352	90.9022	91.00329	90.77706		90.81463	91.14484	91.1086	90.68233	90.93741	90.64168	90.72798	90.74806	90.96605	90.71545	90.84870
190	94.82078	88.82078	91.82078		92.16245	92.04525	92.08627	92.09461	92.13282	91.90501	92.02963	92.22263	92.04848	92.28452	92.10117		92.07151	92.08973	92.17466	92.12756	92.07199	91.88276	92.38815	91.87635	92.24115	92.35617	92.12800		92.18402	92.49126	92.47185	92.03344	92.28513	92.00743	92.10746	92.09034	92.33019	92.08684	92.20880
200	96.08454	90.08454	93.08454		93.43676	93.319	93.35052	93.36947	93.41174	93.18523	93.31338	93.49464	93.32017	93.5589	93.37598		93.33849	93.34701	93.44262	93.39706	93.3457	93.14017	93.64831	93.13639	93.501	93.6324	93.39291		93.4625	93.74323	93.74847	93.31048	93.56808	93.27996	93.38705	93.35092	93.61755	93.36611	93.48344
212	97.29167	91.29167	94.29167		94.65595	94.53439	94.55465	94.58407	94.62546	94.40079	94.53359	94.71701	94.54754	94.77793	94.59314		94.54513	94.56057	94.65481	94.62322	94.55552	94.33913	94.87698	94.32201	94.7066	94.85314	94.60371		94.67419	94.93034	94.96325	94.51491	94.77204	94.48477	94.59569	94.56634	94.83469	94.57615	94.69124
224	98.45304	92.45304	95.45304		95.81778	95.69978	95.71708	95.72812	95.76568	95.54273	95.6941	95.88375	95.71723	95.93013	95.74964		95.70904	95.72087	95.8114	95.8002	95.7011	95.49504	96.06734	95.48502	95.86717	96.02392	95.76811		95.83669	96.08783	96.10811	95.64266	95.91923	95.62661	95.739	95.72456	95.98035	95.72282	95.83879
236	99.54112	93.54112	96.54112		96.90461	96.78108	96.79689	96.79463	96.84413	96.60956	96.78092	96.96478	96.80935	97.00075	96.82867		96.7875	96.80223	96.8993	96.88873	96.75909	96.58856	97.18805	96.59403	96.9522	97.12293	96.85826		96.93074	97.17431	97.18223	96.70735	96.99063	96.69777	96.81079	96.79546	97.05564	96.78514	96.91301
250	100.61838	94.61838	97.61838		97.99456	97.88086	97.88286	97.88365	97.92462	97.69571	97.87327	98.05626	97.89975	98.09143	97.91830		97.8806	97.88669	97.9869	97.98591	97.83501	97.67792	98.28088	97.68063	98.04408	98.2222	97.94808		98.01405	98.26527	98.27443	97.78987	98.07451	97.78181	97.90158	97.88323	98.15267	97.87123	98.00087
265	101.85020	95.85020	98.8502		99.23128	99.1202	99.1166	99.11807	99.15313	98.92692	99.10605	99.29581	99.13256	99.33024	99.15309		99.12507	99.12079	99.22297	99.23343	99.05916	98.91363	99.53181	98.91221	99.28354	99.47063	99.18732		99.24696	99.50597	99.51778	99.01174	99.29462	99.01715	99.13353	99.11248	99.39477	99.11105	99.23461
280	103.08741	97.08741	100.08741		100.47059	100.36885	100.35669	100.35466	100.39075	100.16138	100.34191	100.53457	100.36687	100.56998	100.39163		100.3755	100.35429	100.46485	100.48062	100.28445	100.14978	100.77534	100.15189	100.52879	100.72041	100.42859		100.48715	100.75291	100.76596	100.24587	100.52126	100.25792	100.37353	100.34249	100.64843	100.35886	100.47544
300	104.38468	98.38468	101.38468		101.76877	101.67223	101.65046	101.65594	101.69491	101.46308	101.63486	101.82625	101.6595	101.87081	101.68968		101.67887	101.6506	101.76208	101.78586	101.56837	101.43875	102.07531	101.44371	101.82681	102.02598	101.72563		101.78301	102.05274	102.07767	101.53851	101.79978	101.56106	101.67065	101.62728	101.96111	101.66116	101.77330
315	105.69733	99.69733	102.69733		103.08068	102.99095	102.95863	102.96249	103.00337	102.77169	102.93783	103.13158	102.96755	103.18433	102.99891		102.99829	102.95848	103.07374	103.10858	102.86126	102.74871	103.39851	102.75657	103.14164	103.34736	103.03931		103.09013	103.36874	103.39488	102.83818	103.08729	102.86905	102.97708	102.92934	103.28565	102.97655	103.08169
335	107.00116	101.00116	104.00116		104.38647	104.29942	104.25895	104.25586	104.30052	104.07004	104.23081	104.42859	104.26834	104.4893	104.29883		104.30625	104.25648	104.37886	104.42542	104.14034	104.05079	104.71839	104.06025	104.4461	104.66154	104.34444		104.38819	104.67659	104.70148	104.13256	104.36125	104.17149	104.27511	104.22004	104.60129	104.28352	104.38115
355	108.31684	102.31684	105.31684		105.70279	105.6186	105.57003	105.55908	105.60594	105.3796	105.528	105.72925	105.57846	105.80373	105.60755		105.62451	105.5641	105.69239	105.75436	105.41931	105.36623	106.04707	105.37698	105.75813	105.98285	105.65859		105.69113	105.99206	106.01445	105.43665	105.63434	105.48272	105.58174	105.52183	105.92401	105.60206	105.68810
375	109.67487	103.67487	106.67487		107.05802	106.97749	106.92341	106.90057	106.9476	106.7309	106.86116	107.06432	106.92947	107.15996	106.95529		106.98254	106.90987	107.04538	107.12418	106.72859	106.72496	107.41646	106.73798	107.10941	107.34507	107.01244		107.03184	107.34596	107.36434	106.77865	106.93677	106.83253	106.92913	106.86058	107.27801	106.96436	107.03222
400	111.01300	105.01300	108.013		108.39126	108.32061	108.25737	108.21758	108.26215	108.06176	108.1706	108.37026	108.26195	108.49767	108.28112		108.32121	108.23632	108.38279	108.47334	108.00032	108.06916	108.77309	108.08525	108.43797	108.68156	108.34610		108.35151	108.67666	108.68991	108.09736	108.20407	108.16056	108.25218	108.17947	108.59498	108.31134	108.35180
425	112.32723	106.32723	109.32723		109.69903	109.63974	109.5697	109.50176	109.54258	109.36581	109.45195	109.63942	109.56804	109.81317	109.57912		109.63068	109.53801	109.69609	109.79469	109.23096	109.39645	110.10762	109.4118	109.73679	109.98703	109.65301		109.64627	109.97943	109.98557	109.38243	109.43528	109.46244	109.54537	109.47073	109.87319	109.63385	109.64146
450	113.60760	107.60760	110.6076		110.96788	110.92271	110.84976	110.73966	110.78039	110.6293	110.69541	110.86372	110.83579	111.09326	110.83779		110.89885	110.80296	110.97515	111.07822	110.41491	110.69486	111.40735	110.70903	110.9912	111.25298	110.92255		110.89772	111.23901	111.24138	110.61751	110.61931	110.72269	110.80064	110.72406	111.11831	110.91574	110.88964
475	114.85791	108.85791	111.85791		112.21012	112.17412	112.10408	111.93938	111.98659	111.83728	111.90275	112.05788	112.07481	112.3445	112.06315		112.1361	112.03763	112.22433	112.33668	111.56415	111.97599	112.67566	111.98601	112.21691	112.48532	112.16388		112.11164	112.46671	112.45532	111.80678	111.76439	111.9539	112.0256	111.94196	112.34074	112.16186	112.10289
500	116.05546	110.05546	113.05546		113.39485	113.36514	113.30904	113.08996	113.14463	112.97146	113.05368	113.197	113.27034	113.54117	113.23373		113.31508	113.21746	113.41566	113.53997	112.66929	113.20676	113.87995	113.21416	113.39293	113.65602	113.35073		113.26961	113.63609	113.60383	112.94793	112.84642	113.13175	113.19718	113.12203	113.50725	113.35935	113.26214
530	117.24468	111.24468	114.24468		114.55874	114.53014	114.50322	114.23592	114.28879	114.13067	114.18241	114.31528	114.46517	114.71724	114.39276		114.47738	114.38307	114.58752	114.72155	113.77116	114.4299	115.0499	114.43179	114.55768	114.79638	114.52063		114.42029	114.77997	114.72253	114.11397	113.90772	114.29684	114.35283	114.31756	114.65765	114.55863	114.41280
560	118.31718	112.31718	115.31718		115.60034	115.5707	115.57719	115.27538	115.32279	115.21115	115.19505	115.3207	115.54607	115.76856	115.43879		115.5213	115.43127	115.63495	115.78015	114.77591	115.52935	116.08746	115.52875	115.60521	115.81413	115.57085		115.45564	115.80274	115.71798	115.18648	114.86493	115.34339	115.39156	115.40725	115.69129	115.64434	115.45056
600	119.30313	113.30313	116.30313		116.54722	116.51357	116.5631	116.24026	116.27579	116.23652	116.12167	116.23943	116.54236	116.72471	116.40046		116.47742	116.39476	116.5902	116.73846	115.7102	116.53444	117.01946	116.53471	116.56683	116.73033	116.52968		116.41477	116.73582	116.61615	116.19727	115.75111	116.30679	116.3442	116.41875	116.62171	116.6458	116.40524
630	120.14460	114.14460	117.1446		117.3438	117.3069	117.39688	117.07103	117.09019	117.1472	116.91525	117.0161	117.39075	117.52964	117.22077		117.28531	117.21496	117.39606	117.53415	116.52368	117.38462	117.78787	117.38838	117.3794	117.49335	117.33878		117.24081	117.51838	117.36926	117.08784	116.51809	117.12667	117.15342	117.29423	117.39695	117.5044	117.22101
670	120.84120	114.84120	117.8412		117.99558	117.95693	118.07902	117.7639	117.76717	117.93258	117.57716	117.65596	118.08795	118.18393	117.90002		117.95021	117.89173	118.06059	118.17516	117.21391	118.0838	118.39897	118.08962	118.04475	118.1115	118.00202		117.93053	118.15877	117.98745	117.84559	117.17612	117.80658	117.82205	118.02041	118.02488	118.21409	117.89865
710	121.34954	115.34954	118.34954		118.4634	118.42337	118.56846	118.27606	118.26969	118.51539	118.07043	118.12215	118.58637	118.64956	118.39449		118.43238	118.3854	118.54105	118.62181	117.7476	118.58695	118.81944	118.59716	118.52256	118.54726	118.48016		118.4413	118.62115	118.43041	118.40973	117.69205	118.30506	118.31314	118.54735	118.4652	118.72346	118.39489
750	120.67779	116.67779	118.67779		118.7544	118.71292	118.87316	118.61065	118.60102	118.89057	118.39805	118.41907	118.89727	118.93404	118.70911		118.73707	118.70087	118.847	118.88203	118.12323	118.9049	119.05793	118.91971	118.82281	118.80649	118.78020		118.77973	118.91167	118.70414	118.78857	118.06024	118.63075	118.63286	118.88812	118.72713	119.04171	118.71649
800	120.76854	116.76854	118.76854		118.81867	118.77616	118.93893	118.71239	118.70517	119.0056	118.50399	118.49511	118.96677	118.98573	118.79085		118.80988	118.7831	118.92157	118.90958	118.28366	118.9827	119.06643	119.00045	118.8914	118.84112	118.84899		118.88689	118.97692	118.75778	118.92527	118.22116	118.72464	118.72353	118.98861	118.76343	119.11744	118.80857
850	120.64908	116.64908	118.64908		118.68273	118.63933	118.80059	118.61015	118.60949	118.8954	118.41054	118.37562	118.82808	118.83516	118.66871		118.68214	118.66134	118.79569	118.73704	118.24748	118.85198	118.87837	118.87135	118.75898	118.67991	118.71643		118.79064	118.84852	118.61947	118.84796	118.19281	118.61639	118.61571	118.87907	118.60088	118.98213	118.69936
900	120.39368	116.39368	118.39368		118.42066	118.37529	118.53315	118.37684	118.38566	118.64144	118.18981	118.13375	118.55688	118.55894	118.41724		118.42577	118.4115	118.54057	118.43781	118.08558	118.58816	118.57148	118.61009	118.50031	118.39557	118.45668		118.56472	118.59733	118.35739	118.63155	118.03997	118.37744	118.37982	118.6353	118.3136	118.71067	118.46078
950	120.07026	116.07026	118.07026		118.10177	118.05681	118.20958	118.08251	118.10153	118.31703	117.90836	117.83842	118.22451	118.2252	118.10657		118.10903	118.10191	118.22509	118.08194	117.8549	118.26169	118.21505	118.28563	118.18406	118.06326	118.13826		118.27342	118.28836	118.04225	118.34697	117.82223	118.07322	118.07751	118.32408	117.97491	118.37124	118.15942
1000	119.77042	115.77042	117.77042		117.81212	117.77017	117.91417	117.81018	117.84003	118.01596	117.64928	117.5712	117.9205	117.92616	117.82298		117.81977	117.82077	117.93946	117.7632	117.64527	117.95849	117.89733	117.98541	117.89555	117.7648	117.84901		118.00759	118.00925	117.76076	118.07419	117.6245	117.79491	117.80068	118.03555	117.66923	118.06078	117.88374
1060	119.53970	115.53970	117.5397		117.59314	117.55114	117.68891	117.60213	117.64398	117.78095	117.45709	117.37076	117.68902	117.70254	117.60797		117.60411	117.60948	117.72739	117.52444	117.48774	117.72324	117.65421	117.7573	117.67496	117.53921	117.63021		117.80679	117.80054	117.54671	117.86678	117.48204	117.58357	117.59192	117.81464	117.44251	117.82416	117.67597
1120	119.33437	115.33437	117.33437		117.40586	117.36924	117.49704	117.42113	117.47306	117.57553	117.29019	117.20059	117.49173	117.51072	117.42351		117.41708	117.42204	117.54659	117.32356	117.35034	117.52297	117.45524	117.55755	117.48852	117.35066	117.44346		117.62317	117.62166	117.36902	117.68458	117.35417	117.39416	117.40955	117.61637	117.25009	117.61956	117.49423
1180	119.09410	115.09410	117.0941		117.17587	117.14446	117.26649	117.19424	117.25343	117.33141	117.07436	116.98554	117.25527	117.27498	117.19561		117.19322	117.19851	117.32617	117.08262	117.15829	117.28371	117.22313	117.3156	117.25802	117.12502	117.21643		117.40445	117.39682	117.15606	117.45564	117.1785	117.17166	117.17513	117.3862	117.02389	117.37469	117.27230
1250	118.76294	114.76294	116.76294		116.85635	116.8251	116.93568	116.8718	116.93986	116.9949	116.76631	116.67308	116.92854	116.95425	116.87459		116.87254	116.87801	117.01187	116.75735	116.87238	116.94849	116.89758	116.98231	116.93523	116.80294	116.89587		117.08953	117.08221	116.84805	117.12905	116.90063	116.85524	116.85701	117.06183	116.70468	117.04535	116.95736
1320	118.34558	114.34558	116.34558		116.45447	116.42528	116.52886	116.46906	116.54467	116.57491	116.37363	116.28128	116.52123	116.55024	116.47236		116.47089	116.47285	116.61407	116.35313	116.49097	116.53538	116.49094	116.56929	116.53027	116.40207	116.49299		116.68885	116.68417	116.4519	116.72426	116.5281	116.45338	116.45695	116.65802	116.31086	116.63707	116.55936
1400	117.93763	113.93763	115.93763		116.06628	116.04411	116.13797	116.08044	116.16117	116.17509	115.98963	115.9041	116.13104	116.161	116.08508		116.07868	116.08128	116.22749	115.96312	116.12162	116.13988	116.10496	116.16935	116.14363	116.02227	116.10523		116.29953	116.29903	116.07834	116.32759	116.16199	116.06535	116.07032	116.26758	115.93156	116.24205	116.17433
1500	117.58315	113.58315	115.58315		115.72189	115.7003	115.78927	115.73507	115.81949	115.82233	115.64787	115.56694	115.78491	115.81871	115.74068		115.73377	115.74003	115.88561	115.61804	115.78754	115.7836	115.75854	115.81852	115.79868	115.68492	115.76093		115.96351	115.9562	115.74276	115.97313	115.83369	115.72767	115.72521	115.92886	115.59796	115.89334	115.83423
1600	118.15107	112.15107	115.15107		115.30438	115.2844	115.36374	115.31733	115.40558	115.39423	115.23448	115.15371	115.3621	115.40335	115.32233		115.31216	115.30871	115.46027	115.19998	115.37359	115.34981	115.34068	115.39287	115.382	115.26809	115.33882		115.53885	115.53908	115.326	115.54623	115.41215	115.29366	115.30994	115.50158	115.17666	115.4667	115.41108
1700	117.56282	111.56282	114.56282		114.72486	114.71173	114.78948	114.73983	114.83187	114.8137	114.66132	114.58678	114.78216	114.81808	114.74598		114.7414	114.72517	114.87724	114.62274	114.7947	114.78011	114.79102	114.80618	114.80765	114.69298	114.76392		114.95952	114.96279	114.75743	114.96503	114.83654	114.70139	114.72735	114.92193	114.59379	114.88189	114.83077
1800	116.87439	110.87439	113.87439		114.04722	114.03177	114.10856	114.05588	114.14968	114.13314	113.98995	113.91462	114.10224	114.13539	114.06685		114.07694	114.07035	114.22341	113.95439	114.12751	114.14374	114.15131	114.12329	114.12823	114.01497	114.10141		114.2948	114.28901	114.09588	114.28536	114.18456	114.04702	114.04669	114.25207	113.92573	114.21529	114.16364
1900	116.25176	110.25176	113.25176		113.43505	113.41819	113.49921	113.44055	113.53645	113.51465	113.3802	113.30636	113.48695	113.52434	113.45419		113.47011	113.44314	113.61391	113.3526	113.5226	113.51637	113.53842	113.50508	113.52043	113.40773	113.48904		113.684	113.68066	113.49367	113.66686	113.55854	113.41523	113.43422	113.6441	113.32061	113.60258	113.55005
2000	115.82695	109.82695	112.82695		113.02297	113.00616	113.08635	113.02403	113.12355	113.099	112.97039	112.89828	113.07268	113.11362	113.04170		113.06087	113.01844	113.19335	112.94215	113.10835	113.09521	113.13471	113.08684	113.10807	112.99598	113.07440		113.26954	113.26836	113.08688	113.24697	113.13714	112.98912	113.01729	113.22585	112.91181	113.18245	113.13354
2120	115.79358	109.79358	112.79358		113.00233	112.98729	113.06779	112.9995	113.102	113.07743	112.95174	112.87957	113.05312	113.09823	113.02190		113.03916	112.99174	113.1701	112.92371	113.08777	113.06957	113.1154	113.06324	113.08853	112.98017	113.05294		113.24799	113.24813	113.06804	113.21926	113.12077	112.96776	112.99561	113.20308	112.89836	113.15741	113.11264
2240	116.06991	110.06991	113.06991		113.29617	113.27674	113.3585	113.2894	113.38503	113.36675	113.24242	113.16699	113.34381	113.40044	113.31262		113.31949	113.28011	113.46038	113.21694	113.37029	113.34809	113.38579	113.35798	113.38115	113.27961	113.33998		113.53508	113.53682	113.36309	113.50273	113.41648	113.26773	113.28621	113.49241	113.19583	113.43779	113.40342
2360	116.44939	110.44939	113.44939		113.68974	113.66587	113.75004	113.67759	113.78054	113.75994	113.632	113.56006	113.72841	113.79297	113.70372		113.69552	113.65184	113.83088	113.59989	113.74005	113.69082	113.74135	113.7396	113.7789	113.67889	113.71477		113.90836	113.9206	113.75353	113.88633	113.7943	113.63295	113.67734	113.87106	113.58363	113.8135	113.78416
2500	116.81136	110.81136	113.81136		114.05798	114.03362	114.11686	114.04908	114.1577	114.13085	114.00015	113.9358	114.09552	114.15828	114.07358		114.06456	114.03585	114.19654	113.96158	114.09576	114.05371	114.11057	114.10548	114.14793	114.04772	114.08197		114.2738	114.28908	114.12203	114.25075	114.18071	114.01275	114.03908	114.23169	113.94531	114.1757	114.15209
2650	116.81505	110.81505	113.81505		114.07452	114.05263	114.1346	114.07063	114.17806	114.15232	114.02091	113.95536	114.10955	114.17818	114.09268		114.08222	114.06253	114.21655	113.97614	114.10258	114.0659	114.14512	114.11642	114.16466	114.06785	114.10000		114.29355	114.31175	114.1405	114.27155	114.20509	114.03444	114.05258	114.24782	113.95525	114.19459	114.17071
2800	116.46589	110.46589	113.46589		113.74614	113.72465	113.8031	113.73897	113.85401	113.82292	113.69245	113.62786	113.7806	113.85807	113.76488		113.75623	113.7405	113.89568	113.65702	113.76906	113.74715	113.83257	113.78301	113.82179	113.74175	113.77448		113.97284	113.99222	113.80808	113.94653	113.86961	113.70452	113.72939	113.91184	113.63521	113.86388	113.84341
3000	116.34731	110.34731	113.34731		113.65131	113.63398	113.70979	113.64163	113.77082	113.72959	113.59878	113.52816	113.68945	113.77815	113.67317		113.67115	113.65351	113.81372	113.5768	113.67555	113.64509	113.75483	113.68367	113.72704	113.6474	113.68488		113.89183	113.91074	113.70882	113.85774	113.76052	113.61112	113.64234	113.8141	113.55754	113.78183	113.75366
3150	116.44630	110.44630	113.4463		113.7681	113.74859	113.83367	113.75143	113.89148	113.84291	113.70732	113.62468	113.8139	113.90729	113.78894		113.79475	113.76009	113.9172	113.69125	113.78438	113.75395	113.90095	113.79936	113.84133	113.75883	113.80021		114.0069	114.03608	113.83519	113.97049	113.85383	113.71998	113.74294	113.91645	113.67304	113.88071	113.86356
3350	116.35348	110.35348	113.35348		113.69435	113.66194	113.7687	113.66476	113.82161	113.76807	113.63713	113.54071	113.75416	113.84013	113.71516		113.72137	113.69542	113.85103	113.61369	113.70463	113.70276	113.87782	113.73101	113.77459	113.6981	113.73704		113.91669	113.96884	113.77612	113.88395	113.77458	113.64573	113.66803	113.81834	113.60733	113.81109	113.78707
3550	116.24763	110.24763	113.24763		113.64117	113.61106	113.72843	113.59136	113.75966	113.70438	113.59099	113.4769	113.71445	113.76318	113.65816		113.65148	113.65235	113.81817	113.59356	113.6308	113.63113	113.79985	113.65796	113.71189	113.66809	113.68153		113.82905	113.89901	113.73765	113.80457	113.72619	113.60157	113.63535	113.74767	113.58658	113.76844	113.73361
3750	116.26090	110.26090	113.2609		113.67516	113.61635	113.76968	113.6223	113.7932	113.73694	113.6066	113.50223	113.74555	113.78201	113.68500		113.68634	113.68289	113.84805	113.63159	113.64372	113.63787	113.83091	113.69096	113.76319	113.70721	113.71227		113.8473	113.93027	113.78325	113.83181	113.76232	113.63465	113.65849	113.77065	113.62477	113.79617	113.76397
4000	116.09431	110.09431	113.09431		113.52891	113.4382	113.6308	113.45752	113.64058	113.58489	113.43455	113.34164	113.60709	113.60898	113.52732		113.53631	113.52669	113.70589	113.4764	113.46114	113.47896	113.68212	113.55172	113.61995	113.57621	113.56154		113.67342	113.7808	113.64995	113.6678	113.61484	113.48076	113.50612	113.60141	113.48622	113.62972	113.60910
4250	115.66791	109.66791	112.66791		113.13549	113.04466	113.2454	113.07067	113.25132	113.20929	113.02536	112.96186	113.22281	113.20259	113.13694		113.14535	113.14044	113.32919	113.08575	113.04411	113.07349	113.28655	113.17453	113.23677	113.21159	113.17278		113.26905	113.38317	113.2618	113.26938	113.22943	113.08752	113.14251	113.19676	113.10484	113.22839	113.21729
4500	115.36717	109.36717	112.36717		112.89295	112.81427	112.9941	112.8243	113.00591	112.97541	112.77698	112.71349	112.96831	112.94752	112.89132		112.90779	112.87953	113.07911	112.85305	112.78989	112.81523	113.01998	112.91842	112.98205	112.96419	112.92092		113.03068	113.12758	113.01534	113.03401	112.98605	112.83425	112.89935	112.96382	112.85743	112.96801	112.97165
4750	115.39040	109.39040	112.3904		112.91887	112.84991	113.02147	112.87367	113.07185	113.03342	112.81548	112.75564	112.99095	112.99557	112.93268		112.96415	112.90158	113.08964	112.86267	112.86578	112.8749	113.07885	112.97109	113.0303	112.9872	112.96262		113.08967	113.17214	113.04464	113.07601	113.04107	112.8451	112.90994	113.00125	112.86125	112.97675	113.00178
5000	115.47671	109.47671	112.47671		113.0054	112.98599	113.12188	112.99454	113.21266	113.14572	112.96429	112.8682	113.09612	113.09105	113.04859		113.05637	113.01439	113.18403	112.95407	113.05138	112.98262	113.18289	113.0625	113.13054	113.0908	113.07096		113.17921	113.26098	113.14542	113.15076	113.20876	112.93512	113.01547	113.09826	112.95052	113.06538	113.10099
5300	115.87337	109.87337	112.87337		113.32278	113.35599	113.46259	113.41017	113.64597	113.46686	113.39571	113.23934	113.43105	113.43164	113.41621		113.39238	113.38091	113.50496	113.27174	113.58577	113.29753	113.50683	113.38048	113.47934	113.41625	113.42162		113.49956	113.56238	113.46276	113.43673	113.6949	113.2642	113.35276	113.43167	113.26228	113.38598	113.43532
5600	116.82682	110.82682	113.82682		114.13196	114.192	114.30789	114.3381	114.59706	114.24915	114.33209	114.10094	114.27259	114.26833	114.27901		114.20883	114.24369	114.31569	114.06912	114.62794	114.11348	114.31623	114.20059	114.33219	114.22382	114.26516		114.29765	114.35671	114.2488	114.19593	114.68288	114.08508	114.16164	114.25928	114.05371	114.19978	114.25415
6000	118.10745	112.10745	115.10745		115.32009	115.38538	115.52625	115.63335	115.88468	115.43299	115.58499	115.35241	115.51203	115.50032	115.51325		115.34888	115.46123	115.47389	115.22116	115.9067	115.31028	115.48136	115.41008	115.56531	115.38008	115.45590		115.47457	115.52874	115.36278	115.33873	115.92172	115.27712	115.34958	115.48164	115.1979	115.37822	115.43110
6300	119.31685	113.31685	116.31685		116.57901	116.63281	116.79181	116.94547	117.14024	116.70616	116.84289	116.63584	116.81722	116.79902	116.78905		116.52969	116.71371	116.66701	116.4327	117.11478	116.53658	116.68759	116.66278	116.84132	116.57695	116.67631		116.72567	116.78511	116.54247	116.59248	117.10621	116.52341	116.57228	116.76887	116.39551	116.61443	116.66264
6700	120.35426	114.35426	117.35426		117.66809	117.72227	117.88439	118.05637	118.14249	117.82201	117.89165	117.72479	117.90371	117.9175	117.87333		117.6193	117.7936	117.71562	117.50554	118.11523	117.6708	117.75639	117.76793	117.91696	117.62461	117.74860		117.84156	117.90837	117.63656	117.77768	118.16411	117.6793	117.69869	117.91486	117.49428	117.74037	117.78558
7100	120.88195	114.88195	117.88195		118.17506	118.26142	118.3467	118.55565	118.42643	118.33298	118.31703	118.28307	118.32761	118.46652	118.34925		118.15482	118.34727	118.24973	118.08392	118.57722	118.25523	118.28212	118.36281	118.3873	118.17878	118.28792		118.48319	118.52176	118.20271	118.41213	118.63911	118.27641	118.25108	118.48771	118.05847	118.35284	118.36854
7500	121.04084	115.04084	118.04084		118.2379	118.33212	118.36811	118.57041	118.41601	118.44001	118.33964	118.42383	118.36759	118.56722	118.40628		118.25048	118.47527	118.33603	118.2353	118.62301	118.42841	118.36709	118.52585	118.41956	118.28703	118.39480		118.71698	118.66955	118.28321	118.57476	118.65392	118.37077	118.33277	118.58086	118.10722	118.47866	118.47687
8000	121.17431	115.17431	118.17431		118.3328	118.36706	118.45478	118.57883	118.51284	118.58732	118.44046	118.53433	118.47396	118.68761	118.49700		118.38612	118.61223	118.42095	118.30731	118.67265	118.6024	118.49365	118.65522	118.47857	118.34468	118.49738		118.80092	118.65706	118.29996	118.6793	118.69023	118.36785	118.39006	118.61919	118.0443	118.50144	118.50503
8500	121.35700	115.35700	118.357		118.54845	118.5125	118.66396	118.71643	118.70767	118.78438	118.67348	118.75719	118.68837	118.92502	118.69774		118.65198	118.88953	118.65252	118.48412	118.88389	118.85624	118.78373	118.89307	118.64576	118.54206	118.72829		118.91924	118.67514	118.39894	118.83146	118.82939	118.44059	118.52187	118.72881	118.09411	118.62309	118.60626
9000	121.56544	115.56544	118.56544		118.76404	118.69506	118.80146	118.89345	118.69994	118.87244	118.86617	119.06595	118.85477	119.19344	118.87067		118.83616	119.194	118.9057	118.67852	119.15673	119.02207	119.06349	119.14569	118.80927	118.80161	118.96132		119.06923	118.67261	118.35679	118.85562	118.76967	118.40267	118.46247	118.74146	118.05664	118.65031	118.60375
9500	121.96214	115.96214	118.96214		118.58717	118.62556	118.48179	118.85581	118.33959	118.63096	118.65811	119.22353	118.60278	119.15446	118.71598		118.70599	119.21158	118.89807	118.67972	119.28463	119.00119	119.00455	119.20189	118.65466	118.90723	118.95495		119.06288	118.46435	117.98199	118.55191	118.33127	118.04324	118.03645	118.40528	117.69355	118.23524	118.28062
10000	122.27144	116.27144	119.27144		117.95345	118.00217	117.82818	118.30279	117.71004	117.97441	117.97689	118.65684	117.9451	118.53392	118.08838		118.21106	118.65504	118.36628	118.19487	118.81677	118.53317	118.44989	118.71941	118.11591	118.46496	118.45274		118.49905	117.95695	117.48833	117.96574	117.77707	117.51151	117.47263	117.82958	117.18777	117.58824	117.72769
10600	124.89042	112.89042	118.89042		116.77173	116.85457	116.64761	117.19345	116.57486	116.71012	116.7015	117.42316	116.71785	117.34247	116.89373		117.26177	117.53308	117.32632	117.26398	117.78855	117.55097	117.37457	117.68295	117.09989	117.48125	117.43633		117.51873	117.18315	116.70452	117.02222	116.88912	116.70951	116.55394	116.87824	116.41783	116.66503	116.85423
11200	124.10212	112.10212	118.10212		115.13392	115.38841	115.09896	115.72518	115.21044	115.06957	115.00741	115.74332	115.03051	115.72712	115.31348		116.0254	116.0095	115.96013	116.06799	116.4618	116.34641	115.9491	116.32024	115.84301	116.15886	116.11424		116.29444	116.28406	115.73055	115.88018	115.87549	115.76054	115.49164	115.72296	115.41448	115.53095	115.79853
11800	123.78021	111.78021	117.78021		113.78834	114.22143	114.07144	114.58161	114.62902	113.8906	113.71093	114.14736	113.74216	114.35982	114.11427		115.22092	114.79753	114.95472	115.22448	115.46323	115.58329	114.87077	115.32234	115.05057	115.10127	115.15891		115.37006	115.8455	115.29058	115.27399	115.56423	115.35448	115.13055	115.11074	114.91515	114.97059	115.28259
12500	124.11366	112.11366	118.11366		114.25147	114.48701	115.01909	114.92925	115.58365	114.44639	114.27044	113.70009	114.47737	114.5858	114.57506		115.7577	115.05127	115.29588	115.45485	115.59612	115.8668	115.32527	115.6724	115.50212	115.14207	115.46645		115.44834	116.31026	116.02046	115.99335	116.4813	116.03181	116.09681	115.81081	115.70363	115.89927	115.97960
13200	123.88047	111.88047	117.88047		114.79457	115.01779	115.70532	115.43131	116.22421	114.97267	114.86346	113.91146	115.07978	115.1074	115.11080		116.26973	115.49213	115.78811	115.85926	115.94107	116.28445	115.87895	116.07003	116.07469	115.44244	115.91009		115.80037	116.80641	116.54502	116.59224	117.087	116.608	116.73387	116.40717	116.25778	116.56984	116.54077
14000	124.29285	112.29285	118.29285		115.74004	116.07105	116.70951	116.4465	117.03486	115.94275	115.85586	114.90749	116.01119	116.11069	116.08299		117.11987	116.48635	116.76354	116.74414	116.89777	117.13386	116.86186	117.05725	116.96685	116.37232	116.84038		116.66702	117.61189	117.30221	117.48031	117.88804	117.41391	117.60342	117.26539	117.06972	117.48166	117.37836
					PASSED	PASSED	PASSED	PASSED	PASSED	PASSED	PASSED	PASSED	PASSED	PASSED			PASSED	PASSED	PASSED	PASSED	PASSED	PASSED	PASSED	PASSED	PASSED	PASSED			PASSED	PASSED	PASSED	PASSED	PASSED	PASSED	PASSED	PASSED	PASSED	PASSED	
19000	#REF!																																						
20000	#REF!																																						

## THD DATA_(NTI
			〔b〕Test 1 : CD KR												〔b〕Test 2 : CD GES TRADING																						
	〔fg=#0000FF,b〕 ST 		〔fg=#0000FF,b〕Test 1 #1	〔fg=#0000FF,b〕Test 1 #2	〔fg=#0000FF,b〕Test 1 #3	〔fg=#0000FF,b〕Test 1 #4	〔fg=#0000FF,b〕Test 1 #5	〔fg=#0000FF,b〕Test 1 #6	〔fg=#0000FF,b〕Test 1 #7	〔fg=#0000FF,b〕Test 1 #8	〔fg=#0000FF,b〕Test 1 #9	〔fg=#0000FF,b〕Test 1 #10	〔fg=#FF0000,b〕CD KR AVG		〔fg=#0000FF,b〕Test 2 #1	〔fg=#0000FF,b〕Test 2 #2	〔fg=#0000FF,b〕Test 2 #3	〔fg=#0000FF,b〕Test 2 #4	〔fg=#0000FF,b〕Test 2 #5	〔fg=#0000FF,b〕Test 2 #6	〔fg=#0000FF,b〕Test 2 #7	〔fg=#0000FF,b〕Test 2 #8	〔fg=#0000FF,b〕Test 2 #9	〔fg=#0000FF,b〕Test 2 #10	〔fg=#FF0000,b〕CD GES TRADING AVG		〔fg=#0000FF,b〕Normal  #1	〔fg=#0000FF,b〕Normal  #2	〔fg=#0000FF,b〕Normal  #3	〔fg=#0000FF,b〕Normal  #4	〔fg=#0000FF,b〕Normal  #5	〔fg=#0000FF,b〕Normal  #6	〔fg=#0000FF,b〕Normal  #7	〔fg=#0000FF,b〕Normal  #8	〔fg=#0000FF,b〕Normal  #9	〔fg=#0000FF,b〕Normal  #10	〔fg=#FF0000,b〕Normal  AVG
100	22.9577		26.41643	23.29898	31.569	28.64917	27.44601	33.76491	27.6468	29.94622	30.53929	30.61284	28.98897		24.25019	28.46204	26.44029	24.78935	26.01604	27.28555	27.1787	26.36962	28.70362	26.33098	26.58264		30.35541	27.17436	24.34268	29.72219	27.42648	25.65044	26.717	33.81748	25.69107	27.89461	27.87917
106	23.11578		26.56717	23.5112	31.64728	28.90582	27.63637	34.02273	27.81679	30.17784	30.80337	30.8292	29.19178		24.50267	28.7142	26.343	25.05028	26.21157	27.42606	27.39726	26.5289	28.88737	26.58597	26.76473		30.56232	27.35284	24.51031	29.91141	27.60439	25.81672	27.21462	34.10902	25.93689	28.12514	28.11437
112	23.27447		26.79402	23.73855	31.81102	29.18213	27.8471	34.35373	28.02407	30.43706	31.09978	31.12471	29.44122		24.76959	28.98309	26.35899	25.33158	26.42908	27.62744	27.64338	26.65539	29.12747	26.94248	26.98685		30.83254	27.65625	24.7212	30.13226	27.80823	26.06014	27.41214	34.33368	26.20194	28.35393	28.35123
118	23.48045		27.06516	24.04223	32.03659	29.52384	28.07443	34.73856	28.28136	30.76535	31.46052	31.43898	29.74270		25.10198	29.29372	26.47347	25.66401	26.69426	27.8781	27.94845	26.91797	29.45089	27.31539	27.27382		31.23756	27.97429	24.99048	30.40084	28.08139	26.35729	27.64318	34.64802	26.52219	28.66826	28.65235
125	23.71576		27.40818	24.38695	32.34541	29.91859	28.33599	35.1758	28.60244	31.13234	31.86498	31.89423	30.10649		25.50251	29.64091	26.66082	26.04195	26.97715	28.15749	28.36041	27.2123	29.81893	27.7387	27.61112		31.65124	28.32571	25.31437	30.71252	28.36529	26.70995	28.01034	35.0376	26.87747	29.05074	29.00552
132	24.162		28.04368	25.04871	33.04627	30.64619	28.83844	36.05742	29.23008	31.84889	32.64293	32.71794	30.81206		26.24013	30.33208	27.2013	26.74039	27.51796	28.75886	29.17502	27.8138	30.52551	28.53078	28.28358		32.43041	29.0128	25.94107	31.32414	28.98575	27.39302	28.68294	35.77257	27.54222	29.75491	29.68398
140	24.78746		28.7688	25.87606	33.84917	31.51545	29.53245	37.11859	30.04659	32.76053	33.67227	33.79566	31.69356		27.10035	31.19206	27.91759	27.63382	28.116	29.52466	30.26778	28.5595	31.40424	29.5127	29.12287		33.36257	29.75138	26.75923	32.06585	29.63817	28.10035	29.50477	36.7263	28.30998	30.69064	30.49092
150	25.65812		29.61964	26.92414	35.10097	32.57063	30.41302	38.3607	31.11284	33.88545	34.96313	35.16742	32.81179		28.1094	32.41485	28.74191	28.82812	28.64328	30.49952	31.69663	29.55603	32.51494	30.69117	30.16959		34.51118	30.71242	27.7266	32.84117	30.30316	29.017	30.46421	37.98475	29.17009	31.78695	31.45175
160	26.3573		30.19697	27.61772	36.14552	33.2841	31.06723	39.16048	31.86817	34.71055	36.0075	36.29103	33.63493		28.81579	33.34548	28.74409	29.80956	28.70476	31.32431	32.98086	30.43052	33.34639	31.5958	30.90976		35.42019	31.39306	28.39659	33.35926	30.63491	29.70489	31.22189	39.02463	29.75382	32.62254	32.15318
170	26.9957		30.69161	28.24377	37.19834	34.00232	31.65096	39.97506	32.6333	35.45622	36.94888	37.39753	34.41980		29.49556	34.24446	29.37194	30.69583	28.64148	32.1498	34.07371	31.27624	34.07749	32.39251	31.64190		36.23699	31.97852	28.97532	33.90339	30.8724	30.39232	31.88716	40.07951	30.30727	33.46699	32.80999
180	27.46625		30.99979	28.63847	38.09014	34.49558	32.10067	40.69432	33.15462	35.92711	37.66951	38.25469	35.00249		29.9819	34.94183	29.81257	31.31883	28.41308	32.79368	34.91258	32.01787	34.63635	32.90993	32.17386		36.85347	32.37215	29.31022	34.29694	30.88753	30.92958	32.22138	40.94474	30.6483	34.16479	33.26291
190	27.63207		30.9678	28.71464	38.5674	34.63715	32.29005	41.07371	33.30662	35.99949	37.97035	38.64596	35.21732		30.14171	35.25875	29.94374	31.5337	27.94451	33.03231	35.25662	32.47077	34.7831	32.97485	32.33401		37.06113	32.40262	29.3285	34.38743	30.6004	31.13026	32.36111	41.46277	30.66509	34.525	33.39243
200	27.43847		30.66373	28.47548	38.58998	34.39445	32.20653	41.07503	33.0858	35.64647	37.81522	38.57847	35.05312		29.95162	35.18709	29.76109	31.33727	27.27542	32.86743	35.12184	32.5106	34.44014	32.63396	32.10865		36.78904	32.13724	29.05599	34.09344	30.00241	30.99433	32.14662	41.51485	30.33378	34.44673	33.15144
212	26.82552		29.98353	27.89038	38.04943	33.60381	31.73553	40.44079	32.34927	34.74752	37.06938	37.78861	34.36583		29.30622	34.59428	29.15437	30.62291	26.33998	32.23792	34.35558	32.14422	33.58719	31.75286	31.40955		35.98708	31.45978	28.33977	33.21472	29.02425	30.39119	31.35034	40.95573	29.52091	33.79623	32.40400
224	25.86655		29.01487	26.97127	36.92587	32.3613	30.92726	39.15841	31.18126	33.34845	35.79619	36.40358	33.20885		28.28335	33.45058	28.16644	29.49351	25.26535	31.1466	33.02752	31.32938	32.25108	30.4554	30.28692		34.66092	30.40807	27.2283	31.90076	27.78298	29.41297	30.1863	39.77378	28.34346	32.61225	31.23098
236	24.5525		27.69721	25.66925	35.15598	30.6453	29.71214	37.2451	29.51123	31.43261	33.90372	34.37425	31.53468		26.89197	31.81576	26.73109	27.90975	23.97822	29.58849	31.1406	30.14416	30.42	28.68333	28.73034		32.81238	28.93782	25.6872	30.11658	26.28489	28.08478	28.54654	37.91222	26.77968	30.92172	29.60838
250	22.7494		25.95394	23.92777	32.61146	28.31409	28.04737	34.65996	27.2588	28.90122	31.33023	31.60726	29.26121		25.03821	29.46728	24.79082	25.75059	22.40749	27.45014	28.49707	28.41204	27.93756	26.34766	26.60989		30.28693	26.86461	23.63935	27.80956	24.39813	26.26449	26.38457	35.2623	24.7503	28.67269	27.43329
265	20.87416		24.18403	22.18622	29.87597	25.94797	26.31698	32.04072	24.92304	26.31956	28.62194	28.7038	26.91202		23.18312	27.0034	22.78899	23.52008	20.97068	25.1129	25.64153	26.48909	25.32359	23.91881	24.39522		27.6275	24.71604	21.60704	25.45573	22.53524	24.41839	24.139	32.41054	22.69114	26.38505	25.19857
280	19.00223		22.37952	20.42055	27.0248	23.50012	24.47012	29.29137	22.56369	23.70725	25.84984	25.69897	24.49062		21.28072	24.46084	20.77253	21.23346	19.54555	22.73246	22.86226	24.48807	22.7464	21.52168	22.16440		24.96313	22.5528	19.60689	23.01054	20.67901	22.46036	21.82266	29.41224	20.59006	23.97018	22.90679
300	16.60577		20.04245	18.2003	23.30939	20.35635	21.98287	25.56025	19.58679	20.44531	22.29048	21.88726	21.36614		18.75797	21.15482	18.2087	18.36149	17.76701	19.66555	19.38814	21.77373	19.48067	18.55351	19.31116		21.5613	19.81085	17.17298	19.85315	18.42219	19.86438	18.91588	25.50316	17.97271	20.77627	19.98529
315	15.02111		18.47141	16.72437	20.76449	18.21805	20.19635	22.87993	17.60592	18.26965	19.88595	19.34237	19.23585		17.09134	18.91493	16.49165	16.46383	16.57261	17.62346	17.1488	19.86655	17.29359	16.60263	17.40694		19.25533	17.94288	15.56299	17.67885	16.93387	18.08354	16.96757	22.81844	16.22847	18.57881	18.00508
335	13.27457		16.57837	15.00229	17.82942	15.75306	17.99131	19.63645	15.34547	15.80812	17.12272	16.4584	16.75256		15.1515	16.31131	14.50256	14.33113	15.14402	15.32834	14.69066	17.6053	14.91246	14.43786	15.24151		16.61851	15.72168	13.71305	15.18843	15.26085	15.97988	14.75114	19.68563	14.27309	16.05059	15.72429
355	11.86612		14.89122	13.49829	15.33631	13.73959	16.02384	16.94236	13.47241	13.79781	14.86943	14.13437	14.67056		13.5215	14.16015	12.82576	12.60149	13.82496	13.4223	12.7261	15.62766	12.93133	12.68427	13.43255		14.46786	13.79614	12.1885	13.1851	13.85085	14.21365	12.93519	17.0708	12.77557	13.99224	13.84759
375	10.7477		13.42324	12.21987	13.29549	12.13577	14.28799	14.76371	11.97165	12.19288	13.04647	12.32199	12.96591		12.20408	12.43481	11.46534	11.20419	12.62913	11.89942	11.20051	13.94132	11.34654	11.318	11.96433		12.76816	12.2183	10.97973	11.57597	12.64797	12.75549	11.48778	14.96428	11.61833	12.36549	12.33815
400	9.70784		11.93956	10.98883	11.39441	10.66377	12.51339	12.78458	10.61272	10.72486	11.39011	10.72829	11.37405		10.97982	10.83656	10.22802	9.9048	11.40469	10.52775	9.84762	12.22581	9.89367	10.06523	10.59140		11.25916	10.73844	9.91258	10.08324	11.48368	11.35473	10.16997	13.02635	10.49139	10.91373	10.94333
425	8.93171		10.75045	10.0276	9.96828	9.59148	11.07958	11.33537	9.6314	9.67144	10.16724	9.59924	10.18221		10.02472	9.66369	9.31485	8.92832	10.42111	9.52519	8.88357	10.8214	8.86154	9.14332	9.55877		10.18944	9.63064	9.15933	8.96792	10.61692	10.26407	9.21843	11.56131	9.64004	9.84971	9.90978
450	8.3126		9.75083	9.23688	8.84506	8.75577	9.8837	10.18034	8.86987	8.88114	9.17117	8.73193	9.23067		9.23766	8.7321	8.59165	8.14514	9.60442	8.72887	8.12702	9.61912	8.06946	8.41836	8.72738		9.35878	8.75387	8.57997	8.07227	9.93761	9.36704	8.50581	10.38997	8.96071	8.9411	9.08671
475	7.76696		8.88929	8.53319	7.90283	8.04078	8.85146	9.1395	8.19902	8.21796	8.31612	7.98935	8.40795		8.52935	7.93206	7.95271	7.46429	8.89023	8.04067	7.46951	8.57682	7.40066	7.78624	8.00425		8.64563	8.00791	8.06371	7.30823	9.3474	8.58114	7.90018	9.39509	8.35263	8.12096	8.37229
500	7.24741		8.11185	7.87499	7.08846	7.36876	7.9317	8.20664	7.58494	7.60142	7.56078	7.31302	7.66426		7.90549	7.20354	7.35231	6.83349	8.21202	7.40991	6.8746	7.64261	6.78752	7.18604	7.34075		7.98478	7.31954	7.54732	6.64371	8.74932	7.85426	7.33012	8.50706	7.74915	7.36548	7.70507
530	6.67055		7.29513	7.17699	6.28259	6.67629	7.02367	7.31984	6.93654	6.96908	6.77787	6.61749	6.90755		7.19182	6.46649	6.71713	6.19906	7.50521	6.76369	6.25427	6.72162	6.15826	6.56233	6.65399		7.29848	6.61616	6.98151	5.98262	8.11169	7.10902	6.73393	7.57999	7.1006	6.58975	7.01038
560	6.23133		6.6725	6.64097	5.69369	6.14635	6.38166	6.62006	6.45032	6.49185	6.18018	6.08784	6.33654		6.65931	5.91698	6.23309	5.73857	6.95002	6.26575	5.75712	6.03688	5.68507	6.09224	6.13350		6.77525	6.09422	6.52423	5.49701	7.59801	6.54907	6.28241	6.83826	6.59338	6.02057	6.47724
600	5.83376		6.07048	6.12244	5.21282	5.65701	5.86866	5.9668	6.03257	6.04347	5.62223	5.60408	5.82006		6.1703	5.44046	5.7956	5.34017	6.42845	5.81041	5.31158	5.46808	5.27684	5.65864	5.67005		6.26816	5.64451	6.1023	5.09091	7.09636	6.0537	5.8829	6.11893	6.01147	5.50055	5.97698
630	5.61064		5.72711	5.82254	4.97768	5.3735	5.61367	5.60558	5.79363	5.80249	5.31385	5.3324	5.53625		5.8853	5.18712	5.54175	5.12455	6.11575	5.55248	5.06307	5.17974	5.07387	5.40064	5.41243		5.97955	5.39849	5.85566	4.89468	6.78929	5.77219	5.65164	5.71398	5.65724	5.20516	5.69179
670	5.29494		5.31955	5.43032	4.70846	5.03028	5.30478	5.17922	5.47618	5.50207	4.92965	4.99554	5.18760		5.48813	4.89821	5.20628	4.84469	5.72812	5.1946	4.74992	4.85795	4.85109	5.07849	5.08975		5.61075	5.08813	5.50677	4.68521	6.38951	5.40571	5.3536	5.28148	5.29348	4.81154	5.34262
710	4.95394		4.93175	5.04449	4.45383	4.71721	4.98228	4.75269	5.14262	5.18636	4.57019	4.66317	4.84446		5.10412	4.6197	4.87949	4.54795	5.38134	4.83454	4.43262	4.55692	4.6114	4.74734	4.77154		5.2366	4.77525	5.13715	4.50081	5.99261	5.04252	5.05296	4.94564	4.964	4.42152	5.00691
750	4.61833		4.57635	4.67395	4.21514	4.43458	4.68282	4.35427	4.81607	4.85684	4.27396	4.35317	4.52372		4.73709	4.35921	4.55283	4.25641	5.09263	4.50238	4.12538	4.28533	4.3664	4.42778	4.47054		4.88668	4.4689	4.76674	4.34279	5.61262	4.7027	4.73774	4.6425	4.64082	4.10974	4.69112
800	4.18594		4.1364	4.222	3.89158	4.07136	4.30246	3.95686	4.4127	4.42864	3.90289	3.96484	4.12897		4.30535	4.02806	4.15147	3.88199	4.71749	4.08913	3.74676	3.93927	4.02218	4.01427	4.08960		4.45738	4.07443	4.30307	4.09099	5.13102	4.28107	4.31313	4.22265	4.23294	3.76378	4.28705
850	3.82827		3.76834	3.84944	3.59443	3.77204	3.97345	3.62817	4.05847	4.05371	3.56821	3.62389	3.78902		3.94743	3.74496	3.81824	3.56328	4.3932	3.7338	3.41988	3.64789	3.71267	3.6712	3.76525		4.08103	3.74727	3.92123	3.82832	4.73105	3.93146	3.95631	3.8304	3.90239	3.48351	3.94130
900	3.54631		3.48127	3.551	3.34991	3.53379	3.70948	3.35769	3.77813	3.74521	3.30579	3.34601	3.51583		3.66304	3.51214	3.54128	3.29844	4.13014	3.44459	3.15729	3.40096	3.45457	3.3928	3.49953		3.77664	3.48166	3.61871	3.59067	4.4051	3.64618	3.66394	3.51325	3.62704	3.25794	3.65811
950	3.26523		3.18969	3.24892	3.09553	3.2772	3.4258	3.10004	3.49014	3.43779	3.04538	3.06685	3.23773		3.36584	3.26203	3.2558	3.01898	3.85426	3.16086	2.90414	3.14233	3.17976	3.10448	3.22485		3.47242	3.20632	3.31434	3.33175	4.08405	3.35935	3.36162	3.21183	3.32683	3.00876	3.36773
1000	2.96719		2.87826	2.93068	2.81236	2.98942	3.11328	2.82377	3.17597	3.11576	2.76114	2.7704	2.93710		3.0419	2.97277	2.9455	2.72143	3.5437	2.85868	2.62394	2.84937	2.87729	2.80048	2.92351		3.14888	2.89999	2.98793	3.03592	3.73976	3.04791	3.03463	2.9046	3.00514	2.73215	3.05369
1060	2.58793		2.48998	2.53954	2.44676	2.62658	2.71979	2.47335	2.78421	2.71364	2.3989	2.404	2.55967		2.64014	2.60575	2.55842	2.35789	3.14689	2.47871	2.26788	2.48129	2.50019	2.42644	2.54636		2.74432	2.51853	2.58969	2.65254	3.30669	2.6587	2.63967	2.52791	2.61149	2.38029	2.66298
1120	2.26852		2.15381	2.19723	2.12715	2.3048	2.38111	2.16268	2.44497	2.36808	2.08375	2.08707	2.23107		2.29824	2.28183	2.22416	2.04505	2.79221	2.15154	1.95943	2.15749	2.17215	2.10523	2.21873		2.39167	2.19388	2.24954	2.31355	2.92387	2.31742	2.29395	2.19748	2.28242	2.0746	2.32384
1180	2.0055		1.87538	1.91478	1.86133	2.03325	2.09169	1.89536	2.15944	2.07902	1.82231	1.82765	1.95602		2.01348	2.0083	1.941	1.78136	2.4905	1.87403	1.71176	1.88759	1.90226	1.83703	1.94473		2.09925	1.92184	1.9673	2.02853	2.59678	2.03365	1.99893	1.91711	1.99666	1.8157	2.03757
1250	1.70318		1.56854	1.60494	1.55633	1.72199	1.75972	1.59655	1.83176	1.75431	1.52638	1.53353	1.64541		1.69376	1.69817	1.62327	1.48659	2.13539	1.56768	1.43484	1.58249	1.59748	1.53359	1.63533		1.76823	1.61835	1.65499	1.70438	2.22654	1.71362	1.67238	1.60533	1.68234	1.51839	1.71646
1320	1.48408		1.34744	1.37992	1.3361	1.49339	1.5183	1.3768	1.59513	1.51471	1.30578	1.31827	1.41858		1.46472	1.46494	1.39483	1.2741	1.88889	1.34529	1.2309	1.36073	1.3726	1.3131	1.41101		1.52004	1.39835	1.42788	1.46669	1.96313	1.482	1.4378	1.38056	1.45549	1.3055	1.48374
1400	1.31462		1.17703	1.20392	1.16752	1.32017	1.33567	1.20818	1.41761	1.33496	1.13914	1.15342	1.24576		1.28653	1.28395	1.21621	1.11026	1.71186	1.1739	1.07202	1.19176	1.20005	1.14483	1.23914		1.33275	1.22523	1.25687	1.28482	1.7768	1.3101	1.25587	1.20974	1.28113	1.14156	1.30749
1500	1.13364		0.99149	1.0125	0.98231	1.1347	1.1377	1.02351	1.22365	1.14069	0.95498	0.97018	1.05717		1.08927	1.0899	1.02991	0.93112	1.52659	0.99007	0.90237	1.01004	1.01417	0.95773	1.05412		1.13133	1.03446	1.07167	1.08831	1.57847	1.12148	1.05725	1.02275	1.09027	0.95914	1.11551
1600	0.99295		0.8402	0.85644	0.82822	0.98021	0.9693	0.8693	1.06297	0.97764	0.80314	0.82081	0.90082		0.92813	0.93094	0.8689	0.78687	1.36844	0.8381	0.75841	0.86208	0.86288	0.8079	0.90126		0.96216	0.87885	0.91281	0.92767	1.41152	0.96438	0.89695	0.87175	0.93246	0.80812	0.95667
1700	0.87853		0.73025	0.73425	0.70963	0.85619	0.82971	0.75112	0.93255	0.84883	0.68762	0.70904	0.77892		0.80303	0.8068	0.74369	0.67667	1.22194	0.72881	0.64768	0.74697	0.74352	0.69114	0.78103		0.8342	0.76461	0.78442	0.80989	1.26921	0.84051	0.77304	0.75813	0.80843	0.69737	0.83398
1800	0.78558		0.64526	0.63309	0.61645	0.75144	0.71403	0.65485	0.82005	0.74244	0.59686	0.61939	0.67939		0.70677	0.7049	0.64597	0.58994	1.08764	0.64048	0.56654	0.65494	0.64715	0.60089	0.68452		0.73388	0.67511	0.68339	0.71628	1.14174	0.73937	0.67345	0.671	0.70699	0.61388	0.73551
1900	0.69592		0.56773	0.54177	0.53172	0.65688	0.61281	0.56557	0.71472	0.64294	0.51419	0.53773	0.58861		0.61974	0.6116	0.55882	0.51402	0.96136	0.56211	0.49479	0.57273	0.56064	0.52199	0.59778		0.6398	0.59236	0.59435	0.62931	1.0199	0.64921	0.58688	0.59132	0.6167	0.53962	0.64594
2000	0.615		0.49753	0.45957	0.45709	0.57192	0.52424	0.48662	0.61724	0.55239	0.43968	0.46328	0.50696		0.54181	0.52856	0.47995	0.44733	0.8435	0.48956	0.4301	0.49903	0.48289	0.45356	0.51963		0.55396	0.51759	0.51219	0.54693	0.89885	0.56444	0.50548	0.51829	0.5404	0.47346	0.56316
2120	0.53698		0.43734	0.39011	0.398	0.49988	0.45033	0.42286	0.53175	0.47342	0.37966	0.40242	0.43858		0.47815	0.46009	0.41475	0.39169	0.73085	0.42181	0.37945	0.4342	0.41995	0.39912	0.45301		0.47863	0.45478	0.44107	0.47333	0.7808	0.48703	0.43217	0.45487	0.47818	0.42305	0.49039
2240	0.46679		0.38688	0.34162	0.3557	0.43957	0.38754	0.37569	0.45812	0.41153	0.33534	0.35929	0.38513		0.42873	0.4055	0.36517	0.34933	0.6332	0.37035	0.35025	0.38344	0.37248	0.36085	0.40193		0.41863	0.40784	0.38558	0.41633	0.68245	0.42394	0.3763	0.40579	0.42808	0.38866	0.43336
2360	0.4041		0.35313	0.3114	0.33149	0.38795	0.33795	0.34368	0.39565	0.36584	0.3046	0.33471	0.34664		0.39777	0.36193	0.33364	0.32561	0.55587	0.33085	0.33266	0.3466	0.33823	0.34057	0.36637		0.37398	0.37738	0.34599	0.37354	0.60102	0.3767	0.33564	0.37405	0.3956	0.36842	0.39223
2500	0.34086		0.33389	0.28592	0.32245	0.34359	0.2973	0.3244	0.33378	0.3323	0.29066	0.31925	0.31835		0.37529	0.32703	0.30521	0.317	0.46853	0.28942	0.33262	0.30946	0.31533	0.33682	0.33767		0.33704	0.36024	0.31709	0.33859	0.5153	0.32934	0.29993	0.35507	0.37558	0.36346	0.35916
2650	0.27111		0.31378	0.25864	0.30959	0.29922	0.25342	0.3057	0.26605	0.29918	0.27283	0.29372	0.28721		0.34167	0.2842	0.27187	0.29138	0.3644	0.24182	0.31723	0.25554	0.28963	0.31734	0.29751		0.30246	0.33439	0.27849	0.30455	0.41742	0.28063	0.2609	0.33724	0.34179	0.36239	0.32203
2800	0.24658		0.29017	0.23849	0.28446	0.26019	0.21493	0.28285	0.20271	0.27396	0.24507	0.27324	0.25661		0.3089	0.24161	0.24059	0.26311	0.27845	0.19417	0.29471	0.21137	0.25691	0.30186	0.25917		0.27552	0.30357	0.2287	0.27216	0.32814	0.22554	0.21907	0.31176	0.30375	0.34607	0.28143
3000	0.2246		0.28765	0.24688	0.28576	0.24095	0.20753	0.27621	0.16824	0.25827	0.23519	0.24951	0.24562		0.28596	0.21732	0.22287	0.24456	0.22073	0.16816	0.27742	0.18659	0.24047	0.30365	0.23677		0.26585	0.28968	0.21452	0.25573	0.27327	0.2056	0.19863	0.28375	0.28873	0.33959	0.26154
3150	0.22963		0.30781	0.28262	0.30366	0.25817	0.22921	0.28661	0.175	0.27423	0.25052	0.25412	0.26220		0.29207	0.22433	0.23942	0.23761	0.21371	0.17619	0.28773	0.21052	0.25843	0.33169	0.24717		0.28137	0.28913	0.23616	0.25616	0.26662	0.21542	0.20856	0.30387	0.29589	0.35496	0.27081
3350	0.24703		0.33859	0.35426	0.33381	0.28795	0.26251	0.29983	0.20237	0.30268	0.27884	0.27681	0.29377		0.31744	0.2543	0.30995	0.27689	0.23556	0.22226	0.32271	0.28005	0.29551	0.37768	0.28924		0.29863	0.33156	0.3082	0.28212	0.26652	0.26505	0.25115	0.35766	0.34749	0.40723	0.31156
3550	0.30403		0.37451	0.42438	0.38818	0.32434	0.31775	0.31261	0.23899	0.35063	0.30267	0.30507	0.33391		0.35729	0.28125	0.37332	0.3199	0.26785	0.27235	0.35904	0.35363	0.32474	0.4139	0.33233		0.35179	0.39723	0.39088	0.32228	0.30631	0.32846	0.30022	0.43161	0.42044	0.49153	0.37407
3750	0.37144		0.43269	0.51278	0.492	0.40555	0.42005	0.34982	0.3008	0.43458	0.35412	0.36375	0.40661		0.44439	0.32529	0.45781	0.39586	0.29764	0.32814	0.40445	0.41179	0.36779	0.49647	0.39296		0.41869	0.49458	0.48719	0.38045	0.34623	0.40623	0.37227	0.52964	0.51437	0.61503	0.45647
4000	0.45536		0.52157	0.64346	0.64322	0.55591	0.58344	0.42347	0.40974	0.56356	0.46596	0.46575	0.52761		0.59254	0.43791	0.57723	0.52082	0.34953	0.41968	0.48886	0.47552	0.46809	0.64895	0.49791		0.5178	0.62815	0.60096	0.479	0.39462	0.51098	0.49061	0.65416	0.646	0.78571	0.57080
4250	0.56429		0.61767	0.79013	0.78015	0.71243	0.73661	0.49533	0.53146	0.70019	0.58841	0.57297	0.65253		0.74545	0.56394	0.71453	0.66604	0.42597	0.52965	0.57489	0.55711	0.57942	0.81037	0.61674		0.62604	0.77367	0.72095	0.58357	0.44043	0.63314	0.61523	0.79113	0.80133	0.94508	0.69306
4500	0.65959		0.69662	0.91331	0.86158	0.82329	0.84287	0.54347	0.61744	0.81184	0.67052	0.65029	0.74312		0.88773	0.64838	0.84279	0.82935	0.48865	0.61754	0.68909	0.62237	0.66684	0.98085	0.72736		0.72745	0.92002	0.86012	0.65656	0.47581	0.75703	0.70311	0.90797	0.97046	1.06547	0.80440
4750	0.75101		0.83358	1.06647	1.0092	0.95726	1.00206	0.65244	0.73932	0.94676	0.79587	0.76938	0.87723		1.11171	0.8244	1.0601	1.03982	0.55678	0.74958	0.88648	0.79127	0.8209	1.20036	0.90414		0.85847	1.09421	1.07462	0.79505	0.52656	0.92182	0.85103	1.03829	1.19908	1.25194	0.96111
5000	0.82697		0.93288	1.17516	1.10943	1.03617	1.09912	0.74284	0.83303	1.05813	0.88644	0.87875	0.97520		1.2618	0.95411	1.22844	1.18407	0.60809	0.85491	1.03514	0.92516	0.91791	1.33701	1.03066		0.96735	1.21605	1.22669	0.90838	0.56037	1.04114	0.95317	1.14668	1.35848	1.3731	1.07514
5300	0.85755		0.98469	1.22468	1.15326	1.04238	1.14022	0.7978	0.87921	1.12044	0.92633	0.93821	1.02072		1.33567	1.01483	1.29522	1.27806	0.62409	0.90896	1.11694	0.97275	0.95075	1.38817	1.08854		1.03499	1.29012	1.28441	0.98195	0.58398	1.10316	1.00576	1.17497	1.44286	1.4215	1.13237
5600	0.84272		0.99664	1.21197	1.16081	1.02715	1.1497	0.82544	0.8835	1.12892	0.93575	0.94364	1.02635		1.37767	1.02631	1.27718	1.30279	0.60748	0.9327	1.15322	0.96305	0.93825	1.39915	1.09778		1.07474	1.29484	1.28196	1.01289	0.62624	1.1174	1.04266	1.1576	1.44209	1.43388	1.14843
6000	0.83328		1.00343	1.18222	1.12476	1.00948	1.11679	0.85789	0.8787	1.11368	0.95851	0.95107	1.01965		1.364	1.03997	1.25534	1.30506	0.60932	0.9004	1.1687	0.9278	0.91236	1.42202	1.09050		1.0662	1.24618	1.23914	1.01265	0.60251	1.07198	1.02406	1.10103	1.39671	1.36874	1.11292
6300	0.80726		0.97709	1.12595	1.04574	0.94559	1.06513	0.84753	0.85267	1.06002	0.93781	0.90947	0.97670		1.30222	1.01628	1.20633	1.25676	0.59744	0.86283	1.13654	0.90579	0.87745	1.37218	1.05338		1.03084	1.17119	1.17873	0.97617	0.57442	1.01549	0.97841	1.02535	1.32814	1.27832	1.05571
6700	0.75421		0.90876	1.00718	0.90166	0.80837	0.93089	0.78693	0.77005	0.93853	0.84881	0.79857	0.86998		1.14504	0.89696	1.07537	1.12677	0.53227	0.76322	1.04302	0.82507	0.78391	1.2057	0.93973		0.93808	1.02399	1.06645	0.86009	0.50567	0.89622	0.85765	0.88148	1.18119	1.0901	0.93009
7100	0.65116		0.78503	0.84102	0.72546	0.63008	0.76198	0.68182	0.63528	0.77627	0.69584	0.65867	0.71915		0.96896	0.75078	0.92099	0.957	0.4356	0.65374	0.92775	0.73306	0.64926	1.01645	0.80136		0.80603	0.85017	0.9401	0.73718	0.43501	0.7649	0.72084	0.72047	1.00202	0.89732	0.78740
7500	0.55255		0.68486	0.6972	0.62682	0.50308	0.65574	0.61099	0.54412	0.63953	0.59377	0.564	0.61201		0.82452	0.66658	0.79904	0.78892	0.3662	0.58005	0.80656	0.68554	0.55249	0.82818	0.68981		0.69007	0.69114	0.81493	0.65623	0.38788	0.64232	0.63365	0.5795	0.82862	0.75463	0.66790
8000	0.40733		0.50206	0.49208	0.44513	0.32551	0.47992	0.46051	0.40321	0.44787	0.43562	0.40074	0.43927		0.559	0.45311	0.53773	0.53013	0.2873	0.42952	0.5669	0.4885	0.36637	0.54274	0.47613		0.50809	0.47123	0.58598	0.47579	0.32776	0.45305	0.46266	0.4101	0.55121	0.51304	0.47589
8500	0.30973		0.39329	0.3671	0.348	0.24865	0.39037	0.35602	0.32021	0.32749	0.34886	0.2996	0.33996		0.41837	0.33447	0.37715	0.38521	0.25454	0.32649	0.42831	0.36136	0.2753	0.39412	0.35553		0.37676	0.33714	0.43755	0.35141	0.29755	0.33021	0.36254	0.3088	0.37455	0.38705	0.35636
9000	0.26962		0.33125	0.29615	0.30167	0.22688	0.33389	0.30075	0.27779	0.26774	0.304	0.25433	0.28945		0.3376	0.28041	0.30724	0.30648	0.24508	0.25718	0.34598	0.29366	0.23246	0.32148	0.29276		0.29816	0.26057	0.35289	0.27393	0.24968	0.24945	0.28905	0.25348	0.27512	0.31575	0.28181
9500	0.24748		0.28365	0.24708	0.26328	0.2024	0.29238	0.25694	0.24427	0.23625	0.26459	0.22348	0.25143		0.26683	0.23452	0.25657	0.24136	0.22567	0.19969	0.27379	0.23774	0.20556	0.25813	0.23999		0.24032	0.20862	0.28483	0.21175	0.19733	0.18635	0.21682	0.21193	0.21398	0.24882	0.22207
10000	0.19679		0.23266	0.19725	0.2235	0.16547	0.25645	0.20761	0.20444	0.19434	0.21441	0.18075	0.20769		0.22395	0.18673	0.20611	0.18904	0.18581	0.17787	0.21712	0.19462	0.18928	0.19112	0.19617		0.19183	0.17392	0.23548	0.17045	0.1727	0.15858	0.18329	0.17756	0.1668	0.20508	0.18357
10600	0.16439		0.19191	0.16195	0.19418	0.14716	0.20668	0.16724	0.16569	0.159	0.17355	0.15723	0.17246		0.19387	0.16131	0.16944	0.16044	0.16035	0.16293	0.19068	0.16073	0.17681	0.15112	0.16877		0.16168	0.15545	0.205	0.15206	0.15664	0.1478	0.16312	0.15999	0.14016	0.17022	0.16121
11200	0.14906		0.16011	0.14184	0.17246	0.13711	0.17869	0.1383	0.14225	0.14024	0.14278	0.15072	0.15045		0.18789	0.16626	0.17142	0.15454	0.16022	0.16914	0.18162	0.17433	0.16183	0.14942	0.16767		0.1494	0.16058	0.19977	0.16563	0.1594	0.16293	0.16418	0.16917	0.14056	0.17332	0.16449
11800	0.14341		0.15943	0.14054	0.17883	0.14102	0.18213	0.13711	0.14653	0.13913	0.14531	0.15644	0.15265		0.18711	0.16937	0.17083	0.15522	0.16672	0.16633	0.17978	0.17598	0.16159	0.14636	0.16793		0.1539	0.16573	0.19454	0.16492	0.16274	0.16697	0.16189	0.16853	0.13604	0.17082	0.16461
12500	0.14198		0.17036	0.15414	0.18648	0.14954	0.19093	0.14482	0.16007	0.14931	0.15569	0.16561	0.16270		0.19433	0.17972	0.17905	0.16296	0.17584	0.16524	0.18866	0.18119	0.16651	0.16052	0.17540		0.15859	0.17125	0.19381	0.16889	0.1682	0.17341	0.16561	0.17262	0.14104	0.17754	0.16910
13200	0.13817		0.17649	0.16417	0.1882	0.16244	0.17672	0.14941	0.16827	0.16578	0.16398	0.17796	0.16934		0.19372	0.19285	0.18712	0.17074	0.1866	0.16929	0.19512	0.18763	0.17036	0.17207	0.18255		0.16492	0.17236	0.17811	0.17315	0.16837	0.1738	0.16495	0.17674	0.13961	0.18177	0.16938
14000	0.14492		0.14209	0.13966	0.14427	0.14489	0.12493	0.13552	0.14003	0.14972	0.13136	0.15402	0.14065		0.15148	0.16519	0.15934	0.14726	0.16673	0.14631	0.15613	0.16456	0.14223	0.14926	0.15485		0.15484	0.14565	0.13477	0.14636	0.13133	0.13784	0.13488	0.14372	0.11426	0.14534	0.13890
															PASSED	PASSED	PASSED	PASSED	PASSED	PASSED	PASSED	PASSED	PASSED	PASSED													

## IMP  DATA_(NTI
			〔b〕Test 1 : CD KR												〔b〕Test 2 : CD GES TRADING																					
	〔fg=#0000FF,b〕 ST 		〔fg=#0000FF,b〕Test 1 #1	〔fg=#0000FF,b〕Test 1 #2	〔fg=#0000FF,b〕Test 1 #3	〔fg=#0000FF,b〕Test 1 #4	〔fg=#0000FF,b〕Test 1 #5	〔fg=#0000FF,b〕Test 1 #6	〔fg=#0000FF,b〕Test 1 #7	〔fg=#0000FF,b〕Test 1 #8	〔fg=#0000FF,b〕Test 1 #9	〔fg=#0000FF,b〕Test 1 #10	〔fg=#FF0000,b〕CD KR AVG		〔fg=#0000FF,b〕Test 2 #1	〔fg=#0000FF,b〕Test 2 #2	〔fg=#0000FF,b〕Test 2 #3	〔fg=#0000FF,b〕Test 2 #4	〔fg=#0000FF,b〕Test 2 #5	〔fg=#0000FF,b〕Test 2 #6	〔fg=#0000FF,b〕Test 2 #7	〔fg=#0000FF,b〕Test 2 #8	〔fg=#0000FF,b〕Test 2 #9	〔fg=#0000FF,b〕Test 2 #10	〔fg=#FF0000,b〕CD GES TRADING AVG	〔fg=#0000FF,b〕Normal #1	〔fg=#0000FF,b〕Normal #2	〔fg=#0000FF,b〕Normal #3	〔fg=#0000FF,b〕Normal #4	〔fg=#0000FF,b〕Normal #5	〔fg=#0000FF,b〕Normal #6	〔fg=#0000FF,b〕Normal #7	〔fg=#0000FF,b〕Normal #8	〔fg=#0000FF,b〕Normal #9	〔fg=#0000FF,b〕Normal #10	〔fg=#FF0000,b〕Normal AVG
100	6.42432		6.51493	6.58738	6.53594	6.52454	6.56211	6.5489	6.53195	6.57165	6.54852	6.56851	6.54944		6.61968	6.5346	6.58344	6.65651	6.55627	6.68855	6.51326	6.61283	6.50684	6.53405	6.58060	6.55799	6.60908	6.57802	6.62778	6.51082	6.6079	6.64543	6.68702	6.59212	6.58864	6.60048
106	6.48897		6.57906	6.64999	6.60379	6.58642	6.62147	6.61096	6.5965	6.6367	6.6162	6.63607	6.61372		6.68857	6.60202	6.64475	6.7191	6.62216	6.75362	6.57907	6.67759	6.57555	6.60544	6.64679	6.6228	6.67336	6.6426	6.69463	6.57543	6.67764	6.71227	6.74403	6.65452	6.64989	6.66472
112	6.54088		6.63127	6.70271	6.65713	6.63684	6.67059	6.6622	6.64878	6.68916	6.66865	6.68886	6.66562		6.74349	6.65319	6.6972	6.76977	6.67552	6.80593	6.63192	6.73066	6.62854	6.66758	6.70038	6.67575	6.71426	6.69582	6.74934	6.62741	6.7331	6.76723	6.79294	6.70336	6.7002	6.71594
118	6.58469		6.67485	6.74505	6.70266	6.67893	6.71463	6.70646	6.69356	6.73299	6.71254	6.73223	6.70939		6.78913	6.69666	6.74179	6.81093	6.71894	6.84899	6.67571	6.77659	6.67272	6.71062	6.74421	6.72015	6.74434	6.73766	6.79342	6.67149	6.77771	6.8113	6.83419	6.74378	6.74345	6.75775
125	6.62817		6.71841	6.78502	6.74594	6.72032	6.75691	6.74976	6.73593	6.77541	6.75456	6.7749	6.75172		6.83295	6.73866	6.78309	6.85109	6.76208	6.8969	6.72009	6.82179	6.71655	6.75223	6.78754	6.76309	6.7802	6.78107	6.83831	6.71468	6.82092	6.85501	6.87448	6.78498	6.7846	6.79973
132	6.66477		6.75563	6.81961	6.78231	6.75657	6.79337	6.78676	6.77166	6.81053	6.78938	6.81075	6.78766		6.86992	6.77409	6.81859	6.88314	6.79901	6.93084	6.75723	6.85892	6.75191	6.78767	6.82313	6.7991	6.8136	6.81706	6.87541	6.75196	6.85765	6.89238	6.90859	6.81878	6.81961	6.83541
140	6.70067		6.78982	6.8542	6.81784	6.79125	6.82871	6.82261	6.806	6.84649	6.82393	6.84514	6.82260		6.9062	6.80985	6.85388	6.91512	6.83482	6.96497	6.79305	6.89478	6.78912	6.82195	6.85837	6.83352	6.84201	6.85245	6.91157	6.78793	6.89341	6.92843	6.94186	6.85286	6.85461	6.86986
150	6.73798		6.82756	6.89106	6.85627	6.82945	6.86679	6.86102	6.84342	6.88424	6.86202	6.88414	6.86060		6.94535	6.84824	6.8927	6.94996	6.87375	7.00302	6.83116	6.93329	6.82702	6.8586	6.89631	6.87125	6.87323	6.88974	6.94957	6.82785	6.9319	6.96787	6.97906	6.89014	6.89177	6.90724
160	6.77083		6.86048	6.92103	6.88908	6.86207	6.90014	6.89394	6.8756	6.91689	6.89387	6.91621	6.89293		6.97855	6.87936	6.92503	6.97899	6.90584	7.03679	6.8632	6.96592	6.8607	6.88949	6.92839	6.90346	6.90336	6.92122	6.98158	6.86131	6.96542	7.00034	7.01057	6.92079	6.92418	6.93922
170	6.7976		6.88837	6.9481	6.91796	6.89056	6.9279	6.92314	6.90333	6.94438	6.92125	6.94461	6.92096		7.00694	6.90904	6.95436	7.00546	6.93466	7.06617	6.89086	6.99473	6.88964	6.9159	6.95678	6.93092	6.92913	6.94886	7.01021	6.88998	6.99416	7.02862	7.03759	6.94827	6.95212	6.96699
180	6.82137		6.91258	6.97232	6.943	6.91486	6.95265	6.94793	6.92773	6.96997	6.94531	6.96903	6.94554		7.03167	6.93385	6.97904	7.02832	6.96008	7.09065	6.91592	7.01918	6.91496	6.93987	6.98135	6.95445	6.95507	6.97384	7.03601	6.91514	7.01963	7.0538	7.06125	6.97226	6.97654	6.99180
190	6.8422		6.93482	6.99453	6.9657	6.93658	6.9753	6.97042	6.95043	6.99245	6.96746	6.99116	6.96788		7.05527	6.9559	7.00105	7.0504	6.98254	7.11319	6.93864	7.04207	6.93824	6.96155	7.00388	6.97595	6.9757	6.99668	7.05968	6.93768	7.0432	7.07609	7.08314	6.99405	6.99838	7.01406
200	6.86238		6.9558	7.01415	6.98594	6.95799	6.99612	6.99132	6.97144	7.01277	6.98771	7.01262	6.98859		7.07671	6.97649	7.02176	7.07134	7.00339	7.13409	6.96019	7.06284	6.95926	6.98168	7.02477	6.99612	6.99509	7.01734	7.08153	6.95881	7.06456	7.09648	7.10234	7.0141	7.01869	7.03451
212	6.8868		6.97896	7.03663	7.00869	6.98054	7.0185	7.01559	6.99442	7.03632	7.01055	7.03499	7.01152		7.10066	6.99877	7.04591	7.09335	7.02652	7.1582	6.98386	7.08508	6.98309	7.00364	7.04791	7.01864	7.01764	7.04104	7.10647	6.98268	7.0874	7.12011	7.12394	7.03692	7.04243	7.05773
224	6.90645		7.00077	7.05747	7.03018	7.00294	7.04151	7.03731	7.01605	7.05756	7.03129	7.05591	7.03310		7.12231	7.02029	7.06747	7.11298	7.04923	7.17946	7.00575	7.10637	7.00567	7.025	7.06945	7.03978	7.0398	7.06238	7.12873	7.00581	7.10905	7.14159	7.14548	7.05798	7.0638	7.07944
236	6.92664		7.02125	7.07743	7.05069	7.024	7.06211	7.05709	7.03657	7.07872	7.05189	7.07664	7.05364		7.14273	7.04148	7.08768	7.13308	7.07085	7.20103	7.02667	7.1276	7.02673	7.04536	7.09032	7.06114	7.05945	7.08311	7.14867	7.02767	7.12987	7.16299	7.16615	7.07829	7.08371	7.10010
250	6.9482		7.04438	7.10139	7.07319	7.0472	7.08649	7.08012	7.06077	7.1026	7.07496	7.0997	7.07708		7.16672	7.06474	7.11139	7.15467	7.09488	7.22468	7.04948	7.151	7.05078	7.06822	7.11366	7.08495	7.08108	7.10656	7.17238	7.05335	7.1544	7.18628	7.1878	7.10167	7.10583	7.12343
265	6.97072		7.06936	7.12514	7.09802	7.07177	7.11231	7.10497	7.08632	7.12891	7.09913	7.12437	7.10203		7.19277	7.08982	7.13608	7.18	7.12114	7.24964	7.07534	7.17574	7.0767	7.0934	7.13906	7.10944	7.10435	7.13109	7.19695	7.07971	7.17984	7.21186	7.21195	7.12669	7.12954	7.14814
280	6.99435		7.09482	7.15085	7.12302	7.09792	7.13763	7.13025	7.11239	7.15491	7.12473	7.15023	7.12767		7.21928	7.11416	7.16155	7.2054	7.14791	7.2747	7.10127	7.20067	7.10262	7.11963	7.16472	7.13585	7.13047	7.15867	7.22383	7.10713	7.20616	7.23779	7.23703	7.15208	7.15495	7.17440
300	7.02722		7.13184	7.18694	7.15725	7.13433	7.17489	7.16649	7.14892	7.19336	7.16018	7.18626	7.16405		7.25629	7.15038	7.19832	7.24012	7.18569	7.3109	7.13764	7.2348	7.13961	7.15775	7.20115	7.17257	7.16669	7.19749	7.26026	7.14809	7.24316	7.2753	7.27376	7.18961	7.19027	7.21172
315	7.05327		7.16055	7.21613	7.18554	7.16293	7.20431	7.1948	7.17886	7.22393	7.18943	7.21626	7.19327		7.2857	7.17916	7.22732	7.26891	7.21617	7.33811	7.16732	7.26304	7.1692	7.18742	7.23024	7.20177	7.19615	7.22821	7.28927	7.18005	7.27213	7.30558	7.30225	7.22005	7.21912	7.24146
335	7.0922		7.20281	7.2576	7.22753	7.20611	7.24742	7.23536	7.22245	7.26844	7.22997	7.25942	7.23571		7.3285	7.22134	7.26986	7.31154	7.26044	7.37884	7.21201	7.30276	7.21266	7.23184	7.27298	7.24566	7.24185	7.27349	7.33104	7.22698	7.31486	7.34908	7.34344	7.26561	7.26071	7.28527
355	7.13559		7.25116	7.30589	7.27298	7.2541	7.29643	7.28019	7.27135	7.31893	7.2767	7.30835	7.28361		7.37726	7.26936	7.31911	7.36071	7.311	7.4245	7.26193	7.34887	7.2613	7.28286	7.32169	7.29461	7.29362	7.32571	7.37884	7.28049	7.36239	7.39941	7.39156	7.31779	7.30794	7.33524
375	7.18554		7.3075	7.36065	7.32631	7.30887	7.35309	7.33213	7.32668	7.37682	7.33096	7.36467	7.33877		7.43241	7.32314	7.37488	7.41652	7.36785	7.47674	7.31985	7.39893	7.31822	7.3433	7.37718	7.35199	7.35308	7.3868	7.43351	7.34004	7.41729	7.45639	7.44513	7.37971	7.36184	7.39258
400	7.25993		7.39142	7.44227	7.40532	7.39076	7.43729	7.41065	7.40932	7.46425	7.41082	7.4489	7.42110		7.51612	7.40416	7.45785	7.50063	7.45115	7.55519	7.40831	7.4762	7.40394	7.43454	7.46081	7.43594	7.44472	7.47786	7.51507	7.42795	7.4997	7.54256	7.52592	7.47443	7.44302	7.47872
425	7.34803		7.49131	7.5429	7.50052	7.48833	7.53679	7.50342	7.507	7.56726	7.50752	7.54971	7.51948		7.61859	7.49953	7.5587	7.6034	7.54807	7.65035	7.515	7.56904	7.50613	7.54431	7.56131	7.53705	7.55358	7.58654	7.61323	7.53104	7.59701	7.64503	7.62281	7.5879	7.54293	7.58171
450	7.4532		7.60976	7.66133	7.61374	7.60275	7.65339	7.61401	7.62069	7.68836	7.62269	7.67091	7.63576		7.74085	7.61375	7.67796	7.72499	7.65748	7.76398	7.6432	7.68052	7.62612	7.67184	7.68007	7.6567	7.68326	7.71333	7.72769	7.648	7.71149	7.76508	7.73744	7.71678	7.66224	7.70220
475	7.57602		7.74531	7.79826	7.7462	7.73247	7.78512	7.74498	7.75057	7.82309	7.75523	7.81348	7.76947		7.87942	7.74587	7.81626	7.86391	7.77843	7.89813	7.79513	7.8107	7.76399	7.81408	7.81659	7.79592	7.83174	7.85769	7.85871	7.7766	7.84387	7.90246	7.87161	7.84951	7.80383	7.83919
500	7.71377		7.8957	7.95389	7.89744	7.87492	7.92887	7.8919	7.89399	7.96699	7.90489	7.9745	7.91831		8.03169	7.89364	7.9714	8.02122	7.90733	8.05415	7.96673	7.96047	7.91283	7.96929	7.96887	7.95053	7.99368	8.018	8.00093	7.91174	7.99001	8.05214	8.02097	7.99089	7.96339	7.98923
530	7.89535		8.09021	8.14978	8.09621	8.0536	8.1111	8.0744	8.07247	8.14701	8.09965	8.18399	8.10784		8.22149	8.0827	8.16901	8.22689	8.06904	8.26131	8.18544	8.15983	8.10804	8.1696	8.16534	8.14184	8.19838	8.21618	8.17598	8.07473	8.17691	8.2583	8.21004	8.1777	8.16014	8.17902
560	8.07367		8.27895	8.33692	8.29399	8.23103	8.28905	8.23857	8.24265	8.31951	8.29681	8.38817	8.29157		8.40748	8.26881	8.36112	8.42924	8.2264	8.46765	8.39471	8.36377	8.30053	8.35726	8.35770	8.32709	8.39607	8.39962	8.35254	8.22361	8.36022	8.43562	8.4095	8.35658	8.35002	8.36109
600	8.26476		8.46581	8.52031	8.50566	8.42009	8.46816	8.44304	8.40917	8.48267	8.51381	8.59575	8.48245		8.59408	8.46076	8.55369	8.62682	8.38478	8.69478	8.59068	8.58453	8.50017	8.5274	8.55177	8.52368	8.58159	8.56394	8.57324	8.36114	8.55012	8.62271	8.64863	8.52568	8.56412	8.55148
630	8.35303		8.53922	8.59346	8.60108	8.50617	8.54798	8.57049	8.47754	8.54394	8.61614	8.68233	8.56783		8.67181	8.54451	8.6314	8.70422	8.45735	8.80238	8.65839	8.6923	8.58263	8.58548	8.63305	8.61311	8.65368	8.61748	8.69067	8.4179	8.63316	8.70137	8.7685	8.58452	8.66562	8.63460
670	8.36142		8.51497	8.56913	8.59972	8.509	8.54185	8.61753	8.46149	8.51313	8.61824	8.65799	8.56030		8.65715	8.53971	8.61191	8.66742	8.45939	8.81032	8.60286	8.70333	8.56766	8.5344	8.61542	8.61403	8.61723	8.56944	8.72812	8.4062	8.63101	8.68991	8.79272	8.54069	8.67103	8.62604
710	8.2653		8.39009	8.44846	8.48164	8.40769	8.43911	8.54048	8.36307	8.39532	8.50304	8.52208	8.44910		8.5385	8.43122	8.48884	8.52261	8.38432	8.6995	8.43839	8.59551	8.44353	8.38739	8.49298	8.51134	8.47427	8.43166	8.64928	8.32508	8.52656	8.57439	8.68925	8.40052	8.55416	8.51365
750	8.10697		8.20919	8.2694	8.29583	8.24284	8.27857	8.37407	8.20868	8.22701	8.31572	8.32293	8.27442		8.36166	8.2598	8.30496	8.32167	8.25393	8.51184	8.22279	8.4154	8.25711	8.19295	8.31021	8.34045	8.27617	8.24567	8.48965	8.19457	8.36127	8.40154	8.50558	8.21089	8.36494	8.33907
800	7.8778		7.96635	8.02625	8.03861	8.00697	8.04619	8.11446	7.99022	7.99814	8.05589	8.05591	8.02990		8.11775	8.01751	8.05565	8.05957	8.05926	8.24647	7.95345	8.15743	8.00614	7.94283	8.06161	8.09641	8.01435	8.00312	8.23972	8.00468	8.12406	8.15895	8.2386	7.96546	8.09683	8.09422
850	7.66597		7.7509	7.813	7.81087	7.79154	7.83707	7.87401	7.78943	7.79879	7.82442	7.82445	7.81145		7.89963	7.8007	7.83266	7.83728	7.86912	8.00833	7.72723	7.92385	7.78329	7.7293	7.84114	7.87007	7.78669	7.79095	8.00562	7.8199	7.90905	7.94025	7.9946	7.75553	7.85755	7.87302
900	7.49436		7.58023	7.64272	7.63078	7.61532	7.66426	7.68057	7.62461	7.63547	7.64058	7.64347	7.63580		7.7246	7.62563	7.65419	7.66467	7.70555	7.8172	7.55439	7.73671	7.60583	7.56324	7.66520	7.68625	7.60356	7.6237	7.81058	7.65877	7.73302	7.76183	7.79673	7.59035	7.66725	7.69320
950	7.36273		7.45183	7.51477	7.49469	7.48096	7.52955	7.53447	7.49448	7.50952	7.50125	7.50927	7.50208		7.59198	7.49291	7.51904	7.53793	7.57301	7.6725	7.42815	7.5961	7.47186	7.43934	7.53228	7.54333	7.46654	7.49796	7.65888	7.52867	7.59752	7.62497	7.64747	7.46893	7.52581	7.55601
1000	7.26473		7.35633	7.41845	7.39526	7.38008	7.42762	7.4278	7.39728	7.41554	7.40001	7.40979	7.40282		7.49363	7.39291	7.42039	7.44477	7.46912	7.56547	7.33623	7.49195	7.37429	7.34754	7.43363	7.43662	7.36441	7.40481	7.54303	7.42678	7.49817	7.52199	7.53605	7.38078	7.42309	7.45357
1060	7.18523		7.27763	7.34145	7.31424	7.29682	7.34549	7.34019	7.31686	7.33869	7.31935	7.33035	7.32211		7.41373	7.31168	7.34058	7.36982	7.38231	7.4797	7.26333	7.40718	7.2925	7.27333	7.35342	7.34634	7.28234	7.32991	7.44844	7.33919	7.41456	7.43805	7.44588	7.30915	7.34043	7.36943
1120	7.13186		7.22674	7.29097	7.26028	7.24122	7.28865	7.28224	7.26063	7.28586	7.2655	7.27611	7.26782		7.36018	7.25647	7.28484	7.31951	7.31976	7.42234	7.21624	7.35053	7.23825	7.22442	7.29925	7.28692	7.22513	7.27897	7.38524	7.27524	7.35791	7.37931	7.38424	7.26055	7.2842	7.31177
1180	7.09968		7.19481	7.25791	7.22478	7.2047	7.25027	7.24792	7.22384	7.25333	7.23091	7.24154	7.23300		7.32382	7.22269	7.25079	7.28996	7.27785	7.38601	7.18694	7.31522	7.20446	7.19408	7.26518	7.24787	7.19061	7.24728	7.34355	7.23503	7.32336	7.34331	7.34543	7.23243	7.24837	7.27572
1250	7.07625		7.1707	7.23307	7.19958	7.17794	7.22491	7.22025	7.19886	7.22911	7.20653	7.21779	7.20787		7.29891	7.19724	7.22544	7.26844	7.24652	7.35894	7.16604	7.28983	7.1787	7.17242	7.24025	7.22027	7.16488	7.22319	7.31279	7.20312	7.29716	7.31711	7.31621	7.21285	7.22421	7.24918
1320	7.06303		7.15692	7.21897	7.18629	7.16401	7.20854	7.20523	7.18365	7.2154	7.19343	7.20465	7.19371		7.28381	7.18349	7.21059	7.25755	7.22826	7.34374	7.15508	7.27521	7.16554	7.16078	7.22641	7.20354	7.15045	7.20979	7.29586	7.18218	7.282	7.30236	7.29987	7.20151	7.20969	7.23372
1400	7.05524		7.15013	7.21121	7.17884	7.15571	7.19985	7.19685	7.17427	7.20889	7.1866	7.19742	7.18598		7.27589	7.17563	7.20231	7.25176	7.21549	7.3356	7.14997	7.26688	7.15831	7.15593	7.21878	7.1932	7.14213	7.20227	7.28426	7.17008	7.2749	7.2941	7.29065	7.19663	7.20156	7.22498
1500	7.05714		7.15024	7.21071	7.17771	7.15542	7.19744	7.19591	7.17458	7.20827	7.18529	7.19791	7.18535		7.27626	7.17532	7.20342	7.25413	7.20913	7.33549	7.15182	7.26545	7.15735	7.15791	7.21863	7.19149	7.14208	7.20272	7.28155	7.16538	7.27329	7.29283	7.28862	7.19817	7.20254	7.22387
1600	7.06315		7.15678	7.21739	7.18519	7.16209	7.20255	7.20294	7.18009	7.21559	7.19187	7.20489	7.19194		7.28162	7.18235	7.20841	7.2613	7.21279	7.34063	7.15977	7.27175	7.16474	7.16601	7.22494	7.19622	7.14798	7.20903	7.28553	7.16917	7.27934	7.29869	7.29351	7.20692	7.21034	7.22967
1700	7.07453		7.16718	7.22672	7.19522	7.17335	7.2119	7.21358	7.19005	7.22658	7.20221	7.21557	7.20224		7.29182	7.19195	7.21859	7.27206	7.22057	7.35121	7.17072	7.28267	7.17495	7.17827	7.23528	7.20594	7.16252	7.2199	7.29509	7.17696	7.28942	7.30766	7.30335	7.21748	7.22079	7.23991
1800	7.08651		7.17979	7.23558	7.2074	7.18652	7.22312	7.22609	7.20199	7.23955	7.21507	7.22803	7.21431		7.30523	7.20448	7.23003	7.285	7.23033	7.36359	7.18428	7.29511	7.18778	7.19249	7.24783	7.21713	7.17803	7.23338	7.3066	7.18743	7.30134	7.31977	7.31501	7.23043	7.23382	7.25229
1900	7.09896		7.19286	7.24776	7.22041	7.19882	7.23519	7.239	7.2146	7.25329	7.22783	7.24079	7.22706		7.31776	7.21791	7.24311	7.2975	7.24155	7.37635	7.19853	7.30797	7.20137	7.20638	7.26084	7.22924	7.1917	7.24752	7.31935	7.19966	7.31459	7.33221	7.32679	7.24419	7.2469	7.26522
2000	7.11214		7.20779	7.26461	7.23361	7.21174	7.24805	7.25307	7.22881	7.26808	7.24238	7.25445	7.24126		7.33216	7.23367	7.25831	7.31192	7.25499	7.3914	7.21453	7.32154	7.21558	7.22008	7.27542	7.24365	7.20383	7.26141	7.33251	7.21352	7.32979	7.34604	7.34044	7.25925	7.26117	7.27916
2120	7.13436		7.22946	7.28616	7.25429	7.23463	7.26913	7.27498	7.25124	7.29087	7.26542	7.27626	7.26324		7.35417	7.25431	7.27939	7.33378	7.27564	7.41158	7.23561	7.34446	7.237	7.24223	7.29682	7.2649	7.22799	7.28263	7.3545	7.23289	7.34963	7.3682	7.36162	7.28254	7.28364	7.30085
2240	7.15715		7.25311	7.30863	7.27763	7.25786	7.29169	7.29781	7.27419	7.31464	7.28882	7.29914	7.28635		7.37636	7.27716	7.30231	7.35693	7.29681	7.43474	7.25834	7.36685	7.25942	7.26625	7.31952	7.28747	7.2532	7.30604	7.37619	7.2547	7.3725	7.39186	7.38376	7.3056	7.30773	7.32391
2360	7.18107		7.2776	7.33182	7.30247	7.28193	7.3165	7.32224	7.29805	7.33958	7.31224	7.32308	7.31055		7.40128	7.30115	7.32725	7.38118	7.32128	7.45921	7.28382	7.39034	7.28428	7.29154	7.34413	7.31271	7.27882	7.33	7.40137	7.27991	7.39683	7.41608	7.4081	7.3306	7.33159	7.34860
2500	7.21004		7.30819	7.36289	7.33129	7.31344	7.3468	7.35241	7.32907	7.36978	7.34302	7.35351	7.34104		7.43111	7.33213	7.35582	7.4108	7.35061	7.48939	7.31401	7.42008	7.31483	7.32008	7.37389	7.34222	7.30836	7.3607	7.43126	7.30902	7.42845	7.44534	7.43728	7.36015	7.36305	7.37858
2650	7.24216		7.34206	7.39718	7.36508	7.34637	7.38003	7.38707	7.36265	7.40572	7.37524	7.38741	7.37488		7.46428	7.36605	7.38918	7.44425	7.38401	7.52367	7.34846	7.45343	7.34813	7.35421	7.40757	7.37707	7.34273	7.39474	7.46517	7.34279	7.46234	7.48007	7.47119	7.39497	7.39769	7.41288
2800	7.27759		7.37866	7.43242	7.40108	7.38278	7.41479	7.42206	7.39814	7.44146	7.41098	7.42319	7.41056		7.50021	7.40257	7.42443	7.47964	7.41931	7.55886	7.38597	7.48925	7.38394	7.39031	7.44345	7.41183	7.37878	7.43025	7.50093	7.37837	7.49744	7.51613	7.50524	7.43038	7.43277	7.44821
3000	7.3243		7.4293	7.48144	7.44961	7.43233	7.46362	7.4722	7.44874	7.49087	7.46177	7.4717	7.46016		7.54877	7.45098	7.474	7.52965	7.46904	7.60852	7.43369	7.53734	7.43268	7.43902	7.49237	7.46034	7.42757	7.47967	7.55046	7.42708	7.54693	7.56594	7.55557	7.48112	7.48212	7.49768
3150	7.36092		7.46715	7.51843	7.48756	7.46923	7.50102	7.51	7.4868	7.52851	7.49947	7.50958	7.49777		7.58531	7.48802	7.51149	7.56655	7.5068	7.64534	7.4705	7.57418	7.46996	7.47737	7.52955	7.49871	7.46559	7.51679	7.58787	7.46551	7.58459	7.60288	7.5931	7.51916	7.51891	7.53531
3350	7.4108		7.52002	7.57056	7.5387	7.52115	7.55337	7.56229	7.53775	7.58153	7.55163	7.5611	7.54981		7.63675	7.54019	7.56307	7.61814	7.5583	7.69777	7.52205	7.62613	7.52338	7.52803	7.58138	7.55029	7.51732	7.56829	7.63871	7.51787	7.63709	7.65473	7.64474	7.57131	7.57168	7.58720
3550	7.46192		7.57388	7.62191	7.59284	7.57482	7.60703	7.61627	7.59044	7.63518	7.60426	7.61531	7.60319		7.69103	7.5934	7.61526	7.67093	7.61154	7.7512	7.57537	7.67959	7.57674	7.58145	7.63465	7.60434	7.57057	7.62197	7.69203	7.57111	7.68926	7.70811	7.69734	7.62491	7.62509	7.64047
3750	7.51089		7.62722	7.67465	7.64444	7.62802	7.65941	7.67045	7.64377	7.68878	7.65733	7.66789	7.65620		7.74343	7.64694	7.66852	7.72345	7.66392	7.80534	7.62865	7.73283	7.62956	7.63321	7.68759	7.65833	7.62503	7.67437	7.74453	7.62392	7.74175	7.75953	7.75103	7.67699	7.68117	7.69367
4000	7.57876		7.69818	7.74282	7.71412	7.69934	7.73098	7.74187	7.71498	7.76008	7.72869	7.74104	7.72721		7.81433	7.71718	7.73873	7.79415	7.7356	7.87398	7.70019	7.80249	7.70088	7.7035	7.75810	7.73058	7.69602	7.74462	7.81693	7.69656	7.81192	7.83099	7.82033	7.74687	7.75127	7.76461
4250	7.64794		7.7713	7.81203	7.7868	7.77084	7.80317	7.81352	7.78811	7.83111	7.80165	7.81316	7.79917		7.88614	7.79011	7.811	7.86555	7.8077	7.9456	7.77435	7.87362	7.77358	7.77458	7.83022	7.80362	7.76694	7.81704	7.88865	7.76883	7.88365	7.9026	7.89114	7.81848	7.82208	7.83630
4500	7.71847		7.84611	7.88176	7.8596	7.84265	7.87679	7.88561	7.86061	7.90341	7.87595	7.88561	7.87181		7.96059	7.86313	7.88303	7.9373	7.88074	8.01649	7.84764	7.94766	7.84613	7.84461	7.90273	7.87505	7.83833	7.89075	7.96092	7.8431	7.95482	7.97409	7.96233	7.89059	7.89313	7.90831
4750	7.78958		7.92076	7.95524	7.93276	7.91513	7.9495	7.9591	7.93412	7.97703	7.95022	7.95836	7.94522		8.03444	7.93734	7.95523	8.008	7.95484	8.08941	7.92016	8.02117	7.91887	7.91873	7.97582	7.94717	7.90896	7.96384	8.03333	7.91799	8.02787	8.04687	8.03235	7.96305	7.96366	7.98051
5000	7.86313		7.99458	8.03273	8.00736	7.99019	8.02529	8.0335	8.01075	8.05313	8.02607	8.03319	8.02068		8.10945	8.01185	8.03052	8.08161	8.03143	8.16547	7.9947	8.0955	7.99452	7.99263	8.05077	8.02281	7.98334	8.03941	8.10835	7.99467	8.10351	8.12122	8.10694	8.03808	8.03569	8.05540
5300	7.95766		8.09087	8.13144	8.10374	8.0886	8.12358	8.13042	8.10979	8.15246	8.12154	8.13047	8.11829		8.20577	8.10789	8.12691	8.17709	8.13076	8.26213	8.09285	8.19088	8.09208	8.08805	8.14744	8.12063	8.08053	8.1371	8.20393	8.09447	8.20076	8.21804	8.20373	8.13571	8.13267	8.15276
5600	8.05749		8.19424	8.23607	8.20639	8.19215	8.2278	8.23225	8.21418	8.25657	8.22499	8.23278	8.22174		8.30727	8.21157	8.22979	8.27845	8.23469	8.36535	8.1951	8.29392	8.19473	8.1904	8.25013	8.2228	8.18452	8.24047	8.30417	8.19883	8.3031	8.3199	8.30518	8.23844	8.23345	8.25509
6000	8.19392		8.33858	8.38093	8.35052	8.3335	8.36938	8.37856	8.3556	8.40151	8.36915	8.37693	8.36547		8.45059	8.35411	8.37336	8.42119	8.37079	8.5111	8.33945	8.4377	8.33801	8.33306	8.39294	8.36709	8.32532	8.38193	8.44857	8.33677	8.44494	8.46368	8.4498	8.38141	8.37907	8.39786
6300	8.2893		8.4453	8.48542	8.45598	8.43725	8.47006	8.49031	8.45724	8.50979	8.4763	8.48477	8.47124		8.55405	8.45896	8.47774	8.52697	8.46487	8.62048	8.44712	8.5441	8.44371	8.43815	8.49761	8.47668	8.43156	8.4859	8.55794	8.43386	8.54837	8.57145	8.55625	8.48437	8.48587	8.50323
6700	8.3996		8.5724	8.60681	8.58185	8.55726	8.58727	8.62801	8.57768	8.63605	8.60345	8.61082	8.59616		8.67466	8.58195	8.60083	8.65133	8.57818	8.74753	8.57114	8.66907	8.56805	8.56192	8.62047	8.60805	8.55997	8.60794	8.69293	8.54914	8.67302	8.69877	8.68429	8.60552	8.61362	8.62932
7100	8.50896		8.68594	8.71936	8.69287	8.67199	8.70152	8.74305	8.69407	8.74904	8.71724	8.72354	8.70986		8.78561	8.69514	8.71265	8.76384	8.69787	8.85697	8.68274	8.78115	8.68124	8.67552	8.73327	8.72084	8.67068	8.72025	8.80745	8.66291	8.78428	8.80916	8.7967	8.72029	8.72502	8.74176
7500	8.62948		8.80673	8.84277	8.81587	8.79861	8.82876	8.8606	8.81937	8.86927	8.83918	8.84434	8.83255		8.91041	8.81648	8.83485	8.88693	8.82729	8.97856	8.80495	8.90348	8.80534	8.79801	8.85663	8.83633	8.78925	8.84088	8.92029	8.79101	8.90556	8.93062	8.91599	8.84422	8.8445	8.86186
8000	8.79559		8.97735	9.0155	8.98524	8.97287	8.99577	9.02838	8.99252	9.04327	9.0085	9.01515	9.00345		9.08083	8.98884	9.00813	9.05896	9.00164	9.14891	8.97807	9.07567	8.97526	8.97033	9.02866	9.0052	8.96031	9.01108	9.0875	8.96412	9.07638	9.10057	9.084	9.01801	9.01595	9.03231
8500	8.96887		9.15346	9.19118	9.16025	9.14947	9.17216	9.20154	9.16937	9.22293	9.18237	9.1925	9.17952		9.25725	9.16722	9.18598	9.23765	9.18221	9.32386	9.15596	9.25367	9.14932	9.14918	9.20623	9.18575	9.13664	9.18905	9.26256	9.14208	9.25366	9.27602	9.26009	9.19771	9.19318	9.20967
9000	9.14341		9.33489	9.36818	9.34206	9.33031	9.35572	9.38354	9.353	9.40467	9.36425	9.37369	9.36103		9.43687	9.34741	9.36534	9.41766	9.36354	9.50228	9.33677	9.43164	9.33047	9.32873	9.38607	9.36583	9.31384	9.36691	9.43914	9.32257	9.43138	9.4552	9.43899	9.37796	9.37174	9.38836
9500	9.31858		9.52052	9.5545	9.52873	9.51714	9.54216	9.57067	9.54217	9.59192	9.55216	9.56099	9.54810		9.62238	9.53378	9.55118	9.60095	9.55039	9.68774	9.52417	9.61594	9.5167	9.51454	9.57178	9.54999	9.4971	9.54991	9.6244	9.50774	9.61433	9.63995	9.62466	9.56306	9.55591	9.57271
10000	9.49597		9.70802	9.74251	9.71636	9.70566	9.72606	9.75851	9.73033	9.78064	9.74025	9.75053	9.73589		9.80892	9.7224	9.74022	9.78641	9.74023	9.87268	9.713	9.80272	9.70416	9.70248	9.75932	9.73833	9.68111	9.73449	9.81068	9.69294	9.79943	9.82467	9.81141	9.7512	9.74175	9.75860
10600	9.70991		9.92433	9.96129	9.9298	9.92415	9.93958	9.97616	9.94402	10.00289	9.95344	9.96923	9.95249		10.02546	9.94102	9.96165	10.00398	9.96278	10.09053	9.93164	10.02323	9.92125	9.925	9.97865	9.95947	9.90062	9.95167	10.02801	9.90911	10.01646	10.03775	10.02667	9.96954	9.96004	9.97593
11200	9.92321		10.13995	10.17554	10.14507	10.13669	10.15649	10.1916	10.15961	10.21193	10.16889	10.18275	10.16685		10.23936	10.15291	10.17712	10.21679	10.17511	10.30605	10.14763	10.23425	10.1374	10.13629	10.19229	10.17255	10.11429	10.16794	10.24335	10.12556	10.23163	10.2525	10.24361	10.18683	10.17598	10.19142
11800	10.13004		10.35956	10.39495	10.36563	10.3563	10.37891	10.411	10.37977	10.42989	10.38937	10.40315	10.38685		10.46008	10.3709	10.3968	10.43289	10.39302	10.52381	10.36598	10.45205	10.35745	10.3525	10.41055	10.39113	10.33235	10.38876	10.46225	10.34691	10.44962	10.47084	10.46249	10.40725	10.39697	10.41086
12500	10.37168		10.61829	10.65085	10.62523	10.61387	10.63639	10.67163	10.63872	10.68801	10.64587	10.66254	10.64514		10.71847	10.62907	10.65742	10.68786	10.6526	10.78093	10.62506	10.71142	10.61465	10.60844	10.66859	10.65151	10.58778	10.6452	10.71891	10.6037	10.70599	10.73006	10.72032	10.66731	10.65932	10.66901
13200	10.62094		10.87777	10.89959	10.88678	10.87736	10.89676	10.93158	10.901	10.94699	10.90674	10.92486	10.90494		10.98073	10.88916	10.91967	10.94855	10.91451	11.04214	10.88546	10.97214	10.87235	10.86918	10.92939	10.9128	10.84756	10.90635	10.97794	10.86271	10.9651	10.98931	10.98139	10.92971	10.91962	10.92925
14000	10.90798		11.17518	11.19615	11.18398	11.17871	11.19292	11.23084	11.19992	11.24758	11.20483	11.22329	11.20334		11.27852	11.18971	11.21887	11.24738	11.21614	11.33938	11.18874	11.2736	11.17103	11.16874	11.22921	11.21077	11.14561	11.20228	11.2775	11.16099	11.25906	11.28757	11.28033	11.23122	11.21729	11.22726
															PASSED	PASSED	PASSED	PASSED	PASSED	PASSED	PASSED	PASSED	PASSED	PASSED		PASSED	PASSED	PASSED	PASSED	PASSED	PASSED	PASSED	PASSED	PASSED	PASSED	

## FO DATA
〔fg=#0000FF,b〕RESULT CHECKING FO							
〔fg=#0000FF,b〕 Test 1 CD KR#1	648.65484	〔fg=#0000FF,b〕 Test 2 CD GES TRADING #1	651.43035	〔fg=#0000FF,b〕 Normal #1	652.29191	〔fg=#0000FF,b〕ST 	654.58463
〔fg=#0000FF,b〕 Test 1 CD KR#2	648.50031	〔fg=#0000FF,b〕 Test 2 CD GES TRADING #2	649.66412	〔fg=#0000FF,b〕 Normal #2	643.95449		
〔fg=#0000FF,b〕 Test 1 CD KR#3	651.04785	〔fg=#0000FF,b〕 Test 2 CD GES TRADING #3	644.27922	〔fg=#0000FF,b〕 Normal #3	638.06082		
〔fg=#0000FF,b〕 Test 1 CD KR#4	658.34439	〔fg=#0000FF,b〕 Test 2 CD GES TRADING #4	639.34352	〔fg=#0000FF,b〕 Normal #4	661.14545		
〔fg=#0000FF,b〕 Test 1 CD KR#5	655.21064	〔fg=#0000FF,b〕 Test 2 CD GES TRADING #5	654.56348	〔fg=#0000FF,b〕 Normal #5	645.68281		
〔fg=#0000FF,b〕 Test 1 CD KR#6	662.26807	〔fg=#0000FF,b〕 Test 2 CD GES TRADING #6	655.19161	〔fg=#0000FF,b〕 Normal #6	650.61478		
〔fg=#0000FF,b〕 Test 1 CD KR#7	651.45996	〔fg=#0000FF,b〕 Test 2 CD GES TRADING #7	633.23283	〔fg=#0000FF,b〕 Normal #7	651.98553		
〔fg=#0000FF,b〕 Test 1 CD KR#8	644.9666	〔fg=#0000FF,b〕 Test 2 CD GES TRADING #8	656.20223	〔fg=#0000FF,b〕 Normal #8	661.37515		
〔fg=#0000FF,b〕 Test 1 CD KR#9	653.20053	〔fg=#0000FF,b〕 Test 2 CD GES TRADING #9	645.96717	〔fg=#0000FF,b〕 Normal #9	640.52186		
〔fg=#0000FF,b〕 Test 1 CD KR#10	643.83758	〔fg=#0000FF,b〕 Test 2 CD GES TRADING #10	638.16204	〔fg=#0000FF,b〕 Normal #10	653.29026		
〔bg=#FFFF00,b〕AVG	〔bg=#FFFF00,b〕651.75	〔bg=#FFFF00,b〕AVG	〔bg=#FFFF00,b〕646.80	〔bg=#FFFF00,b〕AVG	〔bg=#FFFF00,b〕649.89	〔bg=#FFFF00,b〕AVG	〔bg=#FFFF00,b〕654.58
