## Report
〔bg=#BFBFBF,b〕TITLE	〔b〕REPORT TEST MATERIAL CD FROM NEW SUPPLIER GES TRADING _201507																〔bg=#BFBFBF,b〕Dept	〔b〕ME
																	〔bg=#BFBFBF,b〕Date	〔b〕28/Apr
																	〔bg=#BFBFBF,b〕Marker	〔b〕Le
〔bg=#BFBFBF,b〕I. Purpose.																		
 -  Test lot material CD from new supplier GES Trading OK or Not ?																		
〔bg=#BFBFBF,b〕II. Content.																		
TEST compare lot CD with other condition :																		
 + Plasma => PQC check dyne pen : 10EA																		
 + Test tension : 10EA																		
 + Test ass'y VP+CD check separate VP/CD 																		
 + Make sample and check funtion 																		
〔bg=#BFBFBF,b〕3.Result 																		
	〔b〕1. Result  Check Dyne Pen and Tension Test 																	
	〔bg=#B7DEE8,b〕No	〔bg=#B7DEE8,b〕Date 	〔bg=#B7DEE8,b〕Content 	〔bg=#B7DEE8,b〕Input	〔bg=#B7DEE8,b〕OK 	〔bg=#B7DEE8,b〕Dyne Pen 40	〔bg=#B7DEE8,b〕Tension Test	〔bg=#B7DEE8,b〕Total NG 	〔bg=#B7DEE8,b〕NG Rate									
						〔bg=#B7DEE8,b〕NG 	〔bg=#B7DEE8,b〕NG 											
	1	4/28/2025	〔bg=#FDE9D9〕New Supplier   GES Trading 	〔bg=#FDE9D9〕10	〔bg=#FDE9D9〕10	〔bg=#FDE9D9〕0		〔bg=#FDE9D9〕0	〔bg=#FDE9D9,fg=#FF0000〕0.0%									
						〔bg=#FDE9D9,fg=#FF0000〕0.0%	〔bg=#FDE9D9,fg=#FF0000〕0.0%											
	2		Normal   ( Supplier Ralon)	5	5	0		0	〔fg=#FF0000〕0.0%									
						〔fg=#FF0000〕0.0%	〔fg=#FF0000〕0.0%											
	〔b〕2. Result  Check Separate VP/CD 																	
	〔bg=#B7DEE8,b〕No	〔bg=#B7DEE8,b〕Date 	〔bg=#B7DEE8,b〕Content 	〔bg=#B7DEE8,b〕Input	〔bg=#B7DEE8,b〕OK 	〔bg=#B7DEE8,b〕NG separate VP/CD 	〔bg=#B7DEE8,b〕Total NG 											
	1	4/28/2025	〔bg=#FDE9D9〕New Supplier   GES Trading 	〔bg=#FDE9D9〕167	〔bg=#FDE9D9〕167	〔bg=#FDE9D9〕0	〔bg=#FDE9D9,fg=#FF0000〕0.0%											
	2		Normal   ( Supplier Ralon)	191	190.989528795812	2	〔fg=#FF0000〕1.0%											
	〔b〕3. Result check Function 																	
	〔bg=#B7DEE8,b〕No	〔bg=#B7DEE8,b〕Date Test	〔bg=#B7DEE8,b〕Content 	〔bg=#B7DEE8,b〕Input	〔bg=#B7DEE8,b〕OK	〔bg=#B7DEE8,b〕Sigma 				〔bg=#B7DEE8,b〕Hearing		〔bg=#B7DEE8,b〕Total NG	〔bg=#B7DEE8,b〕NG Rate	〔bg=#B7DEE8,b〕Note				
						〔bg=#B7DEE8,b〕SPL 	〔bg=#B7DEE8,b〕THD 	〔bg=#B7DEE8,b〕SPL+THD 	〔bg=#B7DEE8,b〕SPL+THD+F0	〔bg=#B7DEE8,b〕Noise 	〔bg=#B7DEE8,b〕Touch 							
	1	4/28/2025	〔bg=#FDE9D9〕New Supplier   GES Trading 	〔bg=#FDE9D9〕166	〔bg=#FDE9D9〕145	〔bg=#FDE9D9〕1	〔bg=#FDE9D9〕1	〔bg=#FDE9D9〕0	〔bg=#FDE9D9〕0	〔bg=#FDE9D9〕2	〔bg=#FDE9D9〕19	〔bg=#FDE9D9〕21	〔bg=#FDE9D9,fg=#FF0000〕12.7%					
						〔bg=#FDE9D9,fg=#FF0000〕0.6%	〔bg=#FDE9D9,fg=#FF0000〕0.6%	〔bg=#FDE9D9,fg=#FF0000〕0.0%	〔bg=#FDE9D9,fg=#FF0000〕0.0%	〔bg=#FDE9D9,fg=#FF0000〕1.2%	〔bg=#FDE9D9,fg=#FF0000〕11.4%							
	2		Normal   (Supplier Ralon)	189	184	0	0	0	0	3	2	5	〔fg=#FF0000〕2.6%					
						〔fg=#FF0000〕0.0%	〔fg=#FF0000〕0.0%	〔fg=#FF0000〕0.0%	〔fg=#FF0000〕0.0%	〔fg=#FF0000〕1.6%	〔fg=#FF0000〕1.1%							
	〔b〕3.Result check tension VP + CD ass'y ( Spec : 1.2kgf ) 																	
	〔bg=#B7DEE8,b〕Date Test	〔bg=#B7DEE8,b〕Line	〔bg=#B7DEE8,b〕Content 	〔bg=#B7DEE8,b〕Sample #1	〔bg=#B7DEE8,b〕Sample #2	〔bg=#B7DEE8,b〕Sample #3	〔bg=#B7DEE8,b〕Sample #4	〔bg=#B7DEE8,b〕Sample #5	〔bg=#B7DEE8,b〕Sample #6	〔bg=#B7DEE8,b〕Sample #7	〔bg=#B7DEE8,b〕Sample #8	〔bg=#B7DEE8,b〕Sample #9	〔bg=#B7DEE8,b〕Sample #10	〔bg=#B7DEE8,b〕Min	〔bg=#B7DEE8,b〕Max	〔bg=#B7DEE8,b〕Average	〔bg=#B7DEE8,b〕Note 	
	8/23/2025	C2-2A	New Supplier   GES Trading 	2.830	3.263	3.263	3.427	3.012	2.570	3.324	3.007	3.963	2.784	〔bg=#D8E4BC〕2.570	〔bg=#76933C〕3.963	〔bg=#B1A0C7〕3.144		
			Normal   ( Supplier Ralon)	3.230	3.231	3.089	2.820	2.840						〔bg=#D8E4BC〕2.820	〔bg=#76933C〕3.231	〔bg=#B1A0C7〕3.042		
	〔b〕5. Result Decap NG Sigma +Hearing 																	
〔bg=#BFBFBF,b〕4. Decision																		

## Decap NG
〔bg=#C0C0C0,b〕TITLE		〔b〕REPORT ANALYZE NG FUNCTION MODEL L20S15- 07DT																〔bg=#C0C0C0,b〕Dept	ME			
																		〔bg=#C0C0C0,b〕Date	28-Apr-25			
																		〔bg=#C0C0C0,b〕Maker	〔b〕Trang			
〔bg=#C0C0C0,b〕1. Problem																						
-NG function MSU L20S15 - 07DT																						
〔bg=#C0C0C0,b〕2. Result NG 																						
〔bg=#C0C0C0,b〕3. Result analysis NG Function																						
〔fg=#FF0000〕- Data analysis  Sigma +Hearing																						〔fg=#FFFFFF,b〕No
	〔b〕TYPE				〔b〕Total	〔b〕Q'ty	〔b〕Portion	〔b〕Decap reason														
	Coil offset				15	4	26.7%															
	Particle ( NG Sigma)					1	6.7%															
	Don't know reason 					10	66.7%															
〔bg=#C0C0C0,b〕4. DECISION																						
			〔b〕RESULT ANALYSE NG FUNCTION OF MSU- L20S15 - 07DT       																			
			〔bg=#C5D9F1〕No	〔bg=#C5D9F1〕Reason NG	〔bg=#C5D9F1〕Q'ty analyse	〔bg=#C5D9F1〕Q'ty NG		〔bg=#C5D9F1,fg=#FF0000〕NG rate	〔bg=#C5D9F1〕Portion													
			1	Coil offset	15	4		〔fg=#FF0000〕0.266666666666667	〔fg=#FF0000〕0.266666666666667													
			2	Particle ( NG Sigma)		1		〔fg=#FF0000〕0.0666666666666667	〔fg=#FF0000〕0.0666666666666667													
			3	Don't know reason 		10		〔fg=#FF0000〕0.666666666666667	〔fg=#FF0000〕0.666666666666667													

## NTI_종합
〔b〕MASK	
HZ	%
100	90
240	42
312	35
500	25
1000	10
2000	8
4500	6
7000	10
14000	8

## SPL DATA_(NTI
	〔fg=#0000FF,b〕MASK 1	〔fg=#0000FF,b〕MASK 2	〔fg=#0000FF,b〕 ST 		〔fg=#0000FF,b〕Test GES #1	〔fg=#0000FF,b〕Test GES #2	〔fg=#0000FF,b〕Test GES #3	〔fg=#0000FF,b〕Test GES #4	〔fg=#0000FF,b〕Test GES #5	〔fg=#0000FF,b〕Test GES #6	〔fg=#0000FF,b〕Test GES #7	〔fg=#0000FF,b〕Test GES #8	〔fg=#0000FF,b〕Test GES #9	〔fg=#0000FF,b〕Test GES #10	〔fg=#FF0000,b〕Test GES AVG		〔fg=#0000FF,b〕Normal #1	〔fg=#0000FF,b〕Normal #2	〔fg=#0000FF,b〕Normal #3	〔fg=#0000FF,b〕Normal #4	〔fg=#0000FF,b〕Normal #5	〔fg=#0000FF,b〕Normal #6	〔fg=#0000FF,b〕Normal #7	〔fg=#0000FF,b〕Normal #8	〔fg=#0000FF,b〕Normal #9	〔fg=#0000FF,b〕Normal #10	〔fg=#FF0000,b〕Normal AVG
100	83.43065	77.43065	80.43065		80.7213	80.69947	80.64599	80.72502	80.47527	80.91408	80.97179	80.73619	80.94852	80.66045	80.74981		80.75494	80.25862	80.33228	80.57768	80.55508	80.14977	80.59479	80.16202	80.41814	80.05549	80.38588
106	83.90724	77.90724	80.90724		81.20051	81.18595	81.09174	81.21074	80.93671	81.34702	81.3943	81.24516	81.38933	81.09735	81.20988		81.18931	80.71878	80.77558	80.99686	81.01332	80.58715	81.01686	80.59596	80.83696	80.53121	80.82620
112	84.39031	78.39031	81.39031		81.6714	81.67235	81.56742	81.68673	81.41299	81.80787	81.87744	81.73482	81.86882	81.58254	81.68824		81.64929	81.18059	81.25048	81.48147	81.48426	81.06952	81.49416	81.07636	81.29922	81.00654	81.29919
118	85.26379	79.26379	82.26379		82.53943	82.56216	82.44911	82.56559	82.29907	82.68108	82.73627	82.63691	82.73734	82.47544	82.56824		82.50736	82.07744	82.12408	82.36086	82.34883	81.94823	82.3636	81.94239	82.15476	81.87081	82.16984
125	86.23584	80.23584	83.23584		83.53117	83.55715	83.4217	83.5613	83.29609	83.64128	83.69656	83.6476	83.69569	83.44153	83.54901		83.44862	83.05836	83.09158	83.34054	83.34737	82.916	83.33179	82.8919	83.11038	82.88535	83.14219
132	87.36890	81.36890	84.3689		84.66855	84.71306	84.54559	84.68252	84.42926	84.77111	84.79545	84.77622	84.80142	84.54883	84.67320		84.54482	84.20482	84.21751	84.45284	84.45149	84.05092	84.42778	83.99089	84.21998	84.02748	84.25885
140	88.58093	82.58093	85.58093		85.86967	85.91713	85.75152	85.86497	85.65281	85.98697	86.01807	85.97092	86.00788	85.77204	85.88120		85.7519	85.41144	85.42887	85.68349	85.6635	85.25989	85.65047	85.19576	85.43809	85.22604	85.47095
150	89.81533	83.81533	86.81533		87.10508	87.14769	86.97828	87.06817	86.89623	87.22524	87.23777	87.20181	87.22685	86.99127	87.10784		86.97524	86.6457	86.65555	86.9142	86.89679	86.48581	86.87502	86.41237	86.66811	86.46176	86.69906
160	91.07256	85.07256	88.07256		88.38074	88.41045	88.23792	88.34202	88.15864	88.48999	88.49453	88.47664	88.4796	88.2471	88.37176		88.24347	87.89981	87.92775	88.18305	88.14961	87.75635	88.13591	87.65869	87.92499	87.73521	87.96148
170	92.40540	86.40540	89.4054		89.7191	89.75739	89.59979	89.72303	89.49779	89.83682	89.84305	89.82985	89.83918	89.59733	89.72433		89.59757	89.244	89.30588	89.53303	89.49648	89.11081	89.48084	89.013	89.27416	89.08465	89.31404
180	93.81908	87.81908	90.81908		91.13332	91.18069	91.03545	91.13822	90.91149	91.25466	91.26345	91.24734	91.26334	91.02303	91.14510		91.02432	90.64052	90.7389	90.96109	90.92906	90.52949	90.90635	90.45361	90.70484	90.51141	90.73996
190	95.10697	89.10697	92.10697		92.42627	92.4778	92.33417	92.43441	92.19648	92.54928	92.5544	92.51645	92.56305	92.31307	92.43654		92.32414	91.92191	92.03588	92.25571	92.22256	91.82939	92.19789	91.75782	92.00175	91.81211	92.03592
200	96.34220	90.34220	93.3422		93.65577	93.71514	93.57137	93.67415	93.42355	93.78086	93.78378	93.75661	93.79896	93.54952	93.67097		93.56308	93.15171	93.26824	93.49437	93.45806	93.06402	93.4267	92.99257	93.23599	93.04488	93.26996
212	97.51176	91.51176	94.51176		94.81932	94.88873	94.74101	94.83326	94.5906	94.95224	94.95599	94.93406	94.97037	94.71813	94.84037		94.72764	94.32344	94.42885	94.65807	94.62816	94.2206	94.58765	94.15786	94.40291	94.20851	94.43437
224	98.59673	92.59673	95.59673		95.89109	95.96386	95.8091	95.88613	95.66026	96.0271	96.03255	96.00581	96.03781	95.79066	95.91044		95.8018	95.40943	95.48813	95.7303	95.69441	95.28897	95.66058	95.22748	95.47135	95.26792	95.50404
236	99.61407	93.61407	96.61407		96.89651	96.968	96.81208	96.89758	96.6671	97.03463	97.04302	97.0177	97.04623	96.79179	96.91746		96.81734	96.42163	96.48701	96.73567	96.69824	96.28435	96.66511	96.2207	96.46464	96.2635	96.50582
250	100.70030	94.70030	97.7003		97.97732	98.0516	97.89585	97.9817	97.74722	98.11902	98.12297	98.1174	98.12165	97.86191	97.99966		97.89871	97.50907	97.56749	97.8145	97.7767	97.35349	97.74148	97.28912	97.53261	97.33534	97.58185
265	101.94995	95.94995	98.94995		99.22091	99.29506	99.14173	99.22784	98.98745	99.36813	99.36956	99.36155	99.36366	99.09291	99.24288		99.14185	98.7552	98.80915	99.05298	99.02042	98.58469	98.98404	98.52165	98.76811	98.57121	98.82093
280	103.19746	97.19746	100.19746		100.45742	100.53178	100.38377	100.46513	100.22196	100.60987	100.60983	100.59702	100.60329	100.32217	100.48022		100.38213	99.99148	100.04556	100.2913	100.2601	99.81539	100.22361	99.75277	100.0002	99.8017	100.05642
300	104.50486	98.50486	101.50486		101.75066	101.82558	101.68391	101.75824	101.5122	101.90486	101.90513	101.89209	101.9014	101.60601	101.77401		101.67641	101.27812	101.33361	101.58838	101.55895	101.095	101.51428	101.03769	101.28916	101.08577	101.34574
315	105.83140	99.83140	102.8314		103.06123	103.13435	102.99828	103.06488	102.81516	103.22228	103.21707	103.20152	103.21363	102.91007	103.08385		102.98794	102.58855	102.64023	102.9017	102.87279	102.39258	102.80961	102.34404	102.59314	102.38552	102.65161
335	107.14235	101.14235	104.14235		104.35034	104.42044	104.29237	104.34895	104.09664	104.51754	104.51057	104.48864	104.50661	104.19619	104.37283		104.28252	103.88226	103.92575	104.19693	104.16464	103.66914	104.09663	103.62289	103.87734	103.66404	103.93821
355	108.44707	102.44707	105.44707		105.62541	105.69161	105.5721	105.61954	105.36315	105.79983	105.78857	105.7539	105.7813	105.4676	105.64630		105.56451	105.16578	105.2006	105.4795	105.4426	104.92878	105.36344	104.88879	105.14829	104.92795	105.21102
375	109.79885	103.79885	106.79885		106.93547	106.99551	106.88671	106.92767	106.66607	107.12088	107.10038	107.03999	107.08714	106.76905	106.95289		106.88302	106.49426	106.51549	106.80399	106.76175	106.22715	106.66481	106.19425	106.46119	106.23149	106.52374
400	111.13832	105.13832	108.13832		108.21885	108.27391	108.17191	108.21336	107.94837	108.42396	108.3869	108.27762	108.35939	108.03847	108.23127		108.17159	107.80725	107.81303	108.10935	108.0599	107.50833	107.93997	107.48277	107.7574	107.5165	107.81661
425	112.44947	106.44947	109.44947		109.45453	109.51456	109.40381	109.46192	109.19433	109.689	109.63231	109.43873	109.58125	109.25034	109.46208		109.41159	109.09441	109.07993	109.3803	109.32166	108.75549	109.1779	108.73872	109.02765	108.76931	109.07570
450	113.72435	107.72435	110.72435		110.63539	110.71125	110.56912	110.66721	110.39775	110.90994	110.83597	110.51548	110.75457	110.38603	110.63827		110.6028	110.3478	110.30875	110.6068	110.5376	109.96116	110.35355	109.9634	110.26633	109.9816	110.29298
475	114.97806	108.97806	111.97806		111.78564	111.87525	111.69093	111.84597	111.5639	112.09771	112.01537	111.55386	111.9045	111.44467	111.77778		111.76783	111.58189	111.51205	111.80203	111.71802	111.14449	111.47218	111.17077	111.48952	111.15768	111.48165
500	116.17090	110.17090	113.1709		112.8953	112.97746	112.78177	112.96757	112.66467	113.22405	113.13975	112.57768	112.99968	112.46117	112.86891		112.88528	112.75243	112.65378	112.94613	112.8421	112.26539	112.52256	112.32159	112.66332	112.25731	112.61099
530	117.35598	111.35598	114.35598		114.02021	114.06606	113.90743	114.08504	113.76341	114.33421	114.25889	113.65469	114.09183	113.53528	113.97171		114.01527	113.92024	113.79718	114.0958	113.9776	113.3826	113.59729	113.47692	113.84452	113.34679	113.74542
560	118.42587	112.42587	115.42587		115.05242	115.04701	114.9514	115.09918	114.76772	115.33363	115.27369	114.66899	115.08787	114.54774	114.98296		115.05154	114.98596	114.84083	115.14705	115.01437	114.41308	114.59844	114.53703	114.92635	114.35672	114.78714
600	119.40806	113.40806	116.40806		116.01833	115.95488	115.9412	116.03958	115.7084	116.25597	116.20982	115.65601	116.01163	115.52926	115.93251		116.02322	115.98683	115.8161	116.12957	115.98837	115.39791	115.55477	115.53693	115.93877	115.3334	115.77059
630	120.24034	114.24034	117.24034		116.85848	116.73534	116.81279	116.85266	116.53485	117.04674	117.01335	116.53724	116.80712	116.42451	116.76231		116.86736	116.85946	116.66906	116.98828	116.84286	116.27624	116.41709	116.41545	116.82016	116.21642	116.63724
670	120.93292	114.93292	117.93292		117.56854	117.40001	117.54951	117.5454	117.25199	117.71221	117.6907	117.28699	117.48209	117.20294	117.46904		117.5873	117.61261	117.40617	117.71735	117.57625	117.05225	117.17856	117.18221	117.57345	117.01381	117.39000
710	121.43694	115.43694	118.43694		118.1072	117.9121	118.10411	118.07617	117.81429	118.21476	118.20414	117.86421	117.99897	117.79996	118.00959		118.13839	118.20049	117.98077	118.27397	118.13766	117.68698	117.77864	117.79176	118.15553	117.67522	117.98194
750	120.76272	116.76272	118.76272		118.48258	118.27725	118.49062	118.44959	118.21998	118.55836	118.55833	118.28035	118.35892	118.2283	118.39043		118.52821	118.61725	118.39289	118.66108	118.5332	118.16186	118.21043	118.23794	118.56482	118.17604	118.40837
800	120.85084	116.85084	118.85084		118.63421	118.42607	118.64623	118.60397	118.4046	118.68078	118.69315	118.46846	118.5025	118.42604	118.54860		118.69227	118.7946	118.57766	118.81678	118.69783	118.40401	118.41388	118.45208	118.73989	118.43546	118.60245
850	120.73114	116.73114	118.73114		118.58777	118.38349	118.60044	118.56103	118.38881	118.60634	118.63084	118.45699	118.45065	118.42067	118.50870		118.65638	118.76112	118.55655	118.76636	118.65819	118.43632	118.41329	118.45812	118.7064	118.47965	118.58924
900	120.47409	116.47409	118.47409		118.41229	118.21743	118.42413	118.38933	118.24431	118.40626	118.44255	118.31773	118.27308	118.28304	118.34101		118.48804	118.58569	118.40003	118.58294	118.48412	118.32755	118.27694	118.32349	118.53533	118.37564	118.43798
950	120.14738	116.14738	118.14738		118.16498	117.98272	118.1749	118.14564	118.02428	118.13859	118.18507	118.10194	118.02592	118.06783	118.10119		118.24328	118.32531	118.16448	118.32256	118.23183	118.12812	118.05871	118.10242	118.28464	118.17704	118.20384
1000	119.83098	115.83098	117.83098		117.9213	117.75109	117.92582	117.9053	117.80415	117.87607	117.93128	117.88574	117.78773	117.84774	117.86362		118.00148	118.06342	117.92613	118.06491	117.9807	117.9197	117.84032	117.87263	118.03214	117.96591	117.96673
1060	119.57689	115.57689	117.57689		117.73096	117.57456	117.73166	117.71706	117.63196	117.67507	117.73617	117.71941	117.60328	117.67424	117.67944		117.81143	117.85053	117.73576	117.86109	117.78313	117.74967	117.66612	117.68661	117.8301	117.78934	117.77638
1120	119.36270	115.36270	117.3627		117.56343	117.42302	117.55765	117.5515	117.47968	117.50264	117.56878	117.57043	117.44544	117.51461	117.51772		117.64246	117.65782	117.563	117.67969	117.60551	117.58987	117.50691	117.51683	117.65204	117.62732	117.60415
1180	119.10879	115.10879	117.10879		117.34229	117.21522	117.33238	117.3337	117.27012	117.27519	117.35091	117.36295	117.23711	117.29256	117.30124		117.42137	117.41316	117.33688	117.44596	117.37455	117.37427	117.29456	117.29541	117.42486	117.41066	117.37917
1250	118.76079	114.76079	116.76079		117.01917	116.90235	117.00412	117.01632	116.95064	116.95423	117.02908	117.05274	116.91542	116.97006	116.98141		117.10301	117.07399	117.00754	117.1153	117.04634	117.04895	116.97695	116.96988	117.09414	117.08725	117.05233
1320	118.32927	114.32927	116.32927		116.60946	116.50818	116.59611	116.61373	116.54637	116.55109	116.63101	116.65614	116.51456	116.56505	116.57917		116.69803	116.64803	116.59747	116.70056	116.63631	116.6407	116.57219	116.56264	116.68864	116.67763	116.64222
1400	117.91151	113.91151	115.91151		116.20865	116.12088	116.19799	116.2179	116.14644	116.15308	116.23986	116.26612	116.1242	116.16963	116.18448		116.30042	116.233	116.19573	116.29495	116.23525	116.24076	116.17691	116.16296	116.29058	116.28089	116.24115
1500	117.52669	113.52669	115.52669		115.84035	115.76626	115.8404	115.85469	115.77729	115.79126	115.88221	115.90818	115.76524	115.81332	115.82392		115.93845	115.85708	115.83131	115.92634	115.86992	115.86754	115.81748	115.78912	115.91211	115.90426	115.87136
1600	118.08475	112.08475	115.08475		115.41163	115.35043	115.41424	115.42763	115.34494	115.37154	115.45883	115.4861	115.33817	115.39869	115.40022		115.50989	115.41884	115.39665	115.49281	115.43446	115.41746	115.3863	115.33626	115.45722	115.44545	115.42953
1700	117.50894	111.50894	114.50894		114.84007	114.79038	114.83414	114.85247	114.7777	114.79406	114.8877	114.9126	114.78006	114.83021	114.82994		114.93072	114.82431	114.81283	114.90805	114.85089	114.83271	114.80592	114.74737	114.87303	114.8588	114.84446
1800	116.82411	110.82411	113.82411		114.1619	114.11257	114.15082	114.16304	114.09023	114.10489	114.19847	114.23013	114.10571	114.15519	114.14729		114.25124	114.13741	114.13459	114.22877	114.18047	114.15455	114.12812	114.07079	114.19938	114.18339	114.16687
1900	116.20798	110.20798	113.20798		113.55238	113.49629	113.53376	113.54428	113.46692	113.49114	113.58507	113.61131	113.49374	113.54053	113.53154		113.6272	113.50456	113.50405	113.60124	113.55068	113.50137	113.50874	113.41623	113.53903	113.5265	113.52796
2000	115.78610	109.78610	112.7861		113.13507	113.08267	113.10834	113.12808	113.04737	113.07412	113.16654	113.19033	113.07738	113.118	113.11279		113.20149	113.06967	113.06746	113.17248	113.11763	113.07052	113.08427	112.9852	113.11254	113.09564	113.09769
2120	115.73802	109.73802	112.73802		113.09698	113.05078	113.07472	113.09174	113.00911	113.04248	113.13591	113.15573	113.04507	113.08318	113.07857		113.16756	113.02622	113.03371	113.13877	113.09081	113.04659	113.05524	112.96246	113.0917	113.07861	113.06917
2240	115.99059	109.99059	112.99059		113.36309	113.33585	113.372	113.3698	113.27501	113.33272	113.42804	113.44073	113.33057	113.36504	113.36128		113.44827	113.30491	113.31935	113.42489	113.37437	113.32587	113.34714	113.23677	113.36304	113.35411	113.34987
2360	116.37994	110.37994	113.37994		113.7557	113.73912	113.77526	113.78034	113.6712	113.75045	113.84478	113.85121	113.72892	113.76656	113.76635		113.84315	113.70173	113.70231	113.81776	113.75502	113.70362	113.7415	113.61566	113.73613	113.72846	113.73453
2500	116.73649	110.73649	113.73649		114.11192	114.10229	114.12958	114.14306	114.03509	114.10741	114.1977	114.21126	114.08621	114.12062	114.12451		114.2058	114.06072	114.05959	114.17901	114.11667	114.07213	114.09884	113.98724	114.11641	114.10321	114.09996
2650	116.74136	110.74136	113.74136		114.11944	114.09859	114.12701	114.1449	114.04107	114.10757	114.20459	114.20768	114.08791	114.11458	114.12533		114.20745	114.05433	114.06775	114.18272	114.11654	114.06498	114.09549	113.98141	114.1235	114.09972	114.09939
2800	116.38080	110.38080	113.3808		113.76458	113.7427	113.77044	113.78495	113.68153	113.76107	113.85165	113.84312	113.73545	113.74964	113.76851		113.85494	113.68825	113.70477	113.8339	113.74827	113.69627	113.73537	113.61135	113.76464	113.72838	113.73661
3000	116.22728	110.22728	113.22728		113.63386	113.60204	113.61988	113.64211	113.5423	113.62547	113.71878	113.71297	113.5971	113.61167	113.63062		113.72481	113.54799	113.56402	113.69823	113.60456	113.55032	113.58159	113.47156	113.63487	113.57965	113.59576
3150	116.27518	110.27518	113.27518		113.70756	113.68617	113.69689	113.71298	113.61568	113.70989	113.80365	113.79899	113.68158	113.68917	113.71026		113.80078	113.61993	113.64879	113.77466	113.67593	113.61742	113.64898	113.53988	113.71205	113.64411	113.66825
3350	116.17041	110.17041	113.17041		113.62473	113.61064	113.61989	113.63668	113.53097	113.65173	113.74562	113.73341	113.61522	113.6273	113.63962		113.71979	113.5412	113.58563	113.68493	113.59119	113.53363	113.57768	113.46381	113.64019	113.54968	113.58877
3550	116.09376	110.09376	113.09376		113.58166	113.54143	113.5292	113.58786	113.47444	113.58154	113.66757	113.65009	113.52997	113.55994	113.57037		113.65244	113.46884	113.496	113.59901	113.51479	113.45502	113.48373	113.40059	113.57608	113.47604	113.51225
3750	116.10775	110.10775	113.10775		113.62063	113.56511	113.54983	113.62204	113.50261	113.60073	113.68781	113.69018	113.56141	113.59248	113.59928		113.67766	113.50073	113.52721	113.62343	113.54547	113.47999	113.49303	113.43575	113.61001	113.50731	113.54006
4000	115.95910	109.95910	112.9591		113.4948	113.41734	113.40367	113.48661	113.36035	113.45299	113.53853	113.54502	113.42824	113.44952	113.45771		113.53136	113.36717	113.38267	113.48192	113.40865	113.32938	113.33628	113.29731	113.4708	113.36311	113.39687
4250	115.57046	109.57046	112.57046		113.13009	113.0292	113.01066	113.11249	112.97883	113.06148	113.15035	113.15174	113.05766	113.06421	113.07467		113.15866	112.98739	112.98988	113.10723	113.02703	112.93933	112.93497	112.9148	113.08623	112.97578	113.01213
4500	115.24800	109.24800	112.248		112.85352	112.75592	112.72837	112.83581	112.69772	112.7694	112.87022	112.86715	112.78905	112.76424	112.79314		112.89742	112.71093	112.69709	112.86335	112.74511	112.66135	112.61974	112.63407	112.80681	112.70326	112.73391
4750	115.20902	109.20902	112.20902		112.83911	112.78291	112.78085	112.83211	112.68706	112.80553	112.90121	112.91947	112.84727	112.79987	112.81954		112.93982	112.74034	112.7389	112.92066	112.76962	112.69836	112.67024	112.65537	112.81777	112.72198	112.76731
5000	115.28268	109.28268	112.28268		112.91928	112.87936	112.87025	112.91895	112.77824	112.89407	112.99281	113.00496	112.92777	112.87825	112.90639		113.03554	112.81164	112.81961	112.97561	112.84485	112.79948	112.75652	112.71653	112.87496	112.80003	112.84348
5300	115.65481	109.65481	112.65481		113.2107	113.21612	113.18773	113.22774	113.12157	113.20337	113.29709	113.30054	113.24538	113.19712	113.22074		113.34968	113.06786	113.12351	113.22908	113.15355	113.17232	113.10012	113.0153	113.14998	113.12892	113.14903
5600	116.56879	110.56879	113.56879		113.98215	114.02203	113.97468	114.00331	113.95713	113.97555	114.0618	114.06292	114.03849	113.99181	114.00699		114.11657	113.78106	113.90795	113.92552	113.963	114.04691	113.93248	113.80606	113.90929	113.96337	113.93522
6000	117.79197	111.79197	114.79197		115.13069	115.18474	115.13309	115.15143	115.15742	115.11456	115.18115	115.20049	115.17893	115.14463	115.15771		115.20295	114.89162	115.07808	114.9881	115.1461	115.24845	115.12834	114.96318	115.05419	115.15923	115.08602
6300	118.94022	112.94022	115.94022		116.36136	116.40276	116.35987	116.38706	116.43425	116.3346	116.38086	116.40297	116.37411	116.34872	116.37866		116.30603	116.10238	116.32164	116.14981	116.36564	116.44825	116.34505	116.16605	116.28313	116.37954	116.28675
6700	119.96691	113.96691	116.96691		117.47329	117.50151	117.47552	117.49014	117.56177	117.46542	117.46402	117.49463	117.4607	117.44198	117.48290		117.27471	117.18191	117.42595	117.21589	117.43	117.4763	117.41252	117.24805	117.3788	117.44156	117.34857
7100	120.49765	114.49765	117.49765		118.04796	118.08517	118.07595	118.03964	118.14633	118.04504	118.00001	118.07021	117.98541	118.00464	118.05004		117.74748	117.81889	118.05077	117.82729	118.00874	117.98025	117.97373	117.8419	117.9706	117.99319	117.92128
7500	120.68763	114.68763	117.68763		118.24671	118.26274	118.27329	118.18938	118.30664	118.20663	118.14891	118.25677	118.11472	118.18245	118.21882		117.8084	118.08813	118.30647	118.09704	118.22742	118.11023	118.18125	118.07902	118.21165	118.18485	118.12945
8000	120.92591	114.92591	117.92591		118.36458	118.34774	118.36015	118.23489	118.3619	118.26305	118.1967	118.351	118.19168	118.27359	118.29453		117.78482	118.20653	118.42142	118.23152	118.31663	118.13653	118.25037	118.18225	118.311	118.22802	118.20691
8500	121.25957	115.25957	118.25957		118.46231	118.42571	118.39738	118.24084	118.38842	118.32226	118.23254	118.41326	118.30026	118.32846	118.35114		117.78493	118.24906	118.47594	118.26971	118.37066	118.15056	118.25412	118.20348	118.32623	118.18722	118.22719
9000	121.57687	115.57687	118.57687		118.60027	118.53568	118.49744	118.27812	118.48564	118.42709	118.3058	118.49847	118.42242	118.43542	118.44863		117.78044	118.27843	118.55746	118.31717	118.47975	118.17706	118.31834	118.24305	118.36526	118.19072	118.27077
9500	122.02115	116.02115	119.02115		118.92747	118.79204	118.82811	118.49028	118.79723	118.70151	118.54804	118.72778	118.67395	118.73913	118.72255		117.81787	118.25087	118.66552	118.43755	118.63195	118.25925	118.45946	118.36215	118.46369	118.28721	118.36355
10000	122.23207	116.23207	119.23207		118.97717	118.86663	118.9799	118.5459	118.87857	118.69244	118.61186	118.81242	118.75029	118.82851	118.79437		117.74694	117.9782	118.43446	118.36308	118.41557	118.19409	118.22754	118.24784	118.22789	118.14198	118.19776
10600	124.70315	112.70315	118.70315		118.4472	118.44659	118.53759	118.16877	118.32282	118.15006	118.22905	118.47908	118.43203	118.38801	118.36012		117.3444	117.37239	117.78553	117.94953	117.74758	117.80734	117.51467	117.74642	117.56775	117.61703	117.64526
11200	123.94409	111.94409	117.94409		117.56336	117.70198	117.7446	117.5381	117.40881	117.28636	117.54068	117.89604	117.88388	117.67114	117.62350		116.78302	116.66462	116.97788	117.39	116.92571	117.25737	116.68549	117.08606	116.77993	116.92527	116.94754
11800	123.73310	111.73310	117.7331		116.77678	117.0614	117.02603	117.08452	116.60024	116.54388	116.9755	117.40725	117.52769	117.02423	117.00275		116.58903	116.35083	116.47845	117.09176	116.43646	117.03899	116.22261	116.69456	116.33363	116.52289	116.57592
12500	124.08777	112.08777	118.08777		116.4411	116.85459	116.64044	117.13531	116.23106	116.34908	116.90779	117.28054	117.48887	116.65505	116.79838		116.97867	116.75938	116.69202	117.32128	116.65391	117.45226	116.47993	116.91269	116.51306	116.74515	116.85084
13200	124.01660	112.01660	118.0166		116.12989	116.63071	116.21451	117.08002	115.83492	116.17976	116.77614	117.15924	117.50079	116.36046	116.58664		117.17454	116.99862	116.82108	117.39629	116.77434	117.61463	116.59965	116.96326	116.63379	116.80141	116.97776
14000	124.70653	112.70653	118.70653		116.39337	116.83986	116.37003	117.40225	116.13876	116.58458	117.02989	117.34219	117.79707	116.5436	116.84416		117.6651	117.60711	117.42368	117.79456	117.41871	118.06163	117.30093	117.40199	117.23063	117.24514	117.51495
			PASSED		PASSED	PASSED	PASSED	PASSED	PASSED	PASSED	PASSED	PASSED	PASSED	PASSED			PASSED	PASSED	PASSED	PASSED	PASSED	PASSED	PASSED	PASSED	PASSED	PASSED	
19000	#REF!																										
20000	#REF!																										

## THD DATA_(NTI
	〔fg=#0000FF,b〕 ST 		〔fg=#0000FF,b〕Test GES #1	〔fg=#0000FF,b〕Test GES #2	〔fg=#0000FF,b〕Test GES #3	〔fg=#0000FF,b〕Test GES #4	〔fg=#0000FF,b〕Test GES #5	〔fg=#0000FF,b〕Test GES #6	〔fg=#0000FF,b〕Test GES #7	〔fg=#0000FF,b〕Test GES #8	〔fg=#0000FF,b〕Test GES #9	〔fg=#0000FF,b〕Test GES #10	〔fg=#FF0000,b〕Test GES AVG		〔fg=#0000FF,b〕Normal #1	〔fg=#0000FF,b〕Normal #2	〔fg=#0000FF,b〕Normal #3	〔fg=#0000FF,b〕Normal #4	〔fg=#0000FF,b〕Normal #5	〔fg=#0000FF,b〕Normal #6	〔fg=#0000FF,b〕Normal #7	〔fg=#0000FF,b〕Normal #8	〔fg=#0000FF,b〕Normal #9	〔fg=#0000FF,b〕Normal #10	〔fg=#FF0000,b〕Normal AVG
100	20.81513		28.11015	26.56903	26.99705	28.64794	29.70978	27.17815	27.07569	29.39562	26.10725	28.24536	27.60041		23.66929	27.55458	27.32881	27.93791	26.49568	28.90738	28.1353	28.43022	30.10633	28.59862	28.83557
106	21.09009		28.51312	26.91293	27.40883	29.02927	30.1117	27.61177	27.47336	29.80801	26.46473	28.70661	28.01290		24.06577	27.85229	27.67369	28.33239	26.87481	29.2949	28.56735	28.78902	30.50746	29.04332	29.24041
112	21.33376		28.75762	27.17889	27.75295	29.33764	30.40082	27.94818	27.77711	30.13642	26.79049	29.03249	28.33694		24.36693	28.07991	27.93831	28.59807	27.13984	29.61558	28.9052	29.14292	30.80034	29.28323	29.54945
118	21.5371		28.98718	27.41323	28.0663	29.62854	30.68261	28.25333	28.05159	30.45855	27.09098	29.31384	28.63366		24.66353	28.27245	28.17856	28.86827	27.44531	29.83799	29.23361	29.44168	31.06968	29.53541	29.82367
125	21.78065		29.28665	27.70743	28.48841	29.99984	31.05245	28.61802	28.35476	30.8247	27.39718	29.61217	28.96137		24.99408	28.55236	28.4843	29.18428	27.78495	30.1737	29.6034	29.74155	31.38578	29.89369	30.15962
132	22.37138		29.92552	28.3724	29.31446	30.81279	31.79842	29.39046	29.05403	31.37143	28.03418	30.26078	29.62218		25.67565	29.14648	29.1267	29.83845	28.51193	30.88446	30.35998	30.44241	32.1167	30.6308	30.88687
140	23.10499		30.69326	29.21165	30.21144	31.75009	32.80192	30.42966	29.94627	32.02059	28.77962	31.01941	30.43911		26.5415	29.99701	29.99603	30.67742	29.4369	31.81612	31.30572	31.36726	33.09972	31.58016	31.83380
150	23.97593		31.48754	30.11994	31.08456	32.76401	33.95698	31.58069	30.97534	32.53579	29.47387	31.50945	31.21503		27.37821	30.98106	30.8973	31.61342	30.4433	32.86483	32.29123	32.38478	34.24298	32.58515	32.87379
160	24.74084		32.00503	30.72929	31.57905	33.56092	34.72337	32.3743	31.65796	32.67078	29.82995	31.30482	31.56756		27.77288	31.72057	31.47479	32.21384	31.0915	33.57199	32.7782	33.08333	35.06032	33.21866	33.54250
170	25.48606		32.48769	31.27725	32.09364	34.33665	35.45621	33.12018	32.34312	32.76297	30.08107	30.89995	31.84146		28.0655	32.49226	32.09595	32.91476	31.73839	34.31749	33.27668	33.84487	36.01437	33.76799	34.24428
180	26.00628		32.80392	31.6045	32.42853	34.89488	35.96532	33.61223	32.76427	32.6557	30.10786	30.23126	31.87426		28.17211	33.12832	32.57552	33.46125	32.24332	34.90412	33.59564	34.47507	36.84963	34.1342	34.79173
190	26.21695		32.90505	31.65787	32.48834	35.14228	36.21907	33.77621	32.8796	32.34482	29.83381	29.35094	31.63708		28.07873	33.55299	32.85277	33.81456	32.51989	35.30173	33.68353	34.84284	37.46135	34.35071	35.12803
200	26.1214		32.73276	31.44953	32.26862	35.04596	36.12847	33.60333	32.68426	31.81111	29.3177	28.29243	31.14177		27.73443	33.71739	32.86752	33.87015	32.4598	35.44984	33.4748	34.94156	37.75164	34.29064	35.18170
212	25.59263		32.08634	30.77954	31.48788	34.34048	35.44567	32.85999	31.99102	30.82312	28.38188	26.92404	30.19601		26.9902	33.42318	32.43356	33.4828	31.8676	35.04769	32.73924	34.60085	37.49044	33.66878	34.70940
224	24.6623		30.97816	29.63142	30.24774	33.00776	34.16553	31.54008	30.77729	29.48025	27.11333	25.48121	28.87843		25.92131	32.61146	31.51312	32.59581	30.76096	34.00088	31.45846	33.63261	36.49956	32.5039	33.61908
236	23.38778		29.44599	28.02067	28.60456	31.16565	32.28752	29.68457	29.0673	27.875	25.47314	23.92514	27.20503		24.5718	31.28292	30.13781	31.23897	29.1158	32.34273	29.66708	32.07164	34.80254	30.79517	31.93583
250	21.70533		27.4631	25.95021	26.55002	28.82986	29.8657	27.30718	26.85766	26.00635	23.48635	22.25973	25.18345		23.01516	29.56064	28.44159	29.44767	27.0498	30.11617	27.43167	30.00676	32.47379	28.60835	29.72735
265	19.95825		25.42332	23.85558	24.46872	26.3447	27.42081	24.8672	24.58591	24.17689	21.51301	20.83221	23.19504		21.56531	27.7457	26.69813	27.58196	24.95302	27.79341	25.22209	27.86198	29.97676	26.3956	27.44997
280	18.0886		23.19009	21.63544	22.22792	23.67934	24.86467	22.30538	22.18962	22.18131	19.55997	19.48216	21.14369		20.04076	25.67716	24.71862	25.43779	22.67693	25.27434	22.89799	25.48225	27.19115	24.0724	24.98363
300	15.73684		20.27768	18.8615	19.37739	20.29853	21.61753	19.09725	19.15763	19.66895	17.18053	17.92147	18.60517		18.03876	22.85526	22.0139	22.51686	19.69596	21.94595	19.8689	22.24964	23.47501	21.03775	21.71545
315	14.20246		18.29778	17.02147	17.46946	18.02668	19.40392	16.99065	17.14467	17.99428	15.68566	17.01099	16.96525		16.64373	20.82747	20.07135	20.43315	17.64264	19.58953	17.79123	19.95993	20.85341	18.93421	19.42566
335	12.53185		16.00014	14.90485	15.28493	15.42264	16.86701	14.60817	14.85113	16.09347	14.04594	16.12193	15.14413		15.00914	18.34114	17.72936	17.93357	15.26321	16.77846	15.38012	17.21219	17.73195	16.42114	16.70477
355	11.21668		14.09295	13.14634	13.54395	13.33638	14.81751	12.71179	12.97729	14.60653	12.77946	15.41541	13.69810		13.63325	16.19159	15.71027	15.80897	13.37544	14.43723	13.4301	14.89852	15.1681	14.35282	14.45735
375	10.17095		12.59178	11.76398	12.21249	11.73896	13.24551	11.28356	11.49345	13.51432	11.79649	14.82567	12.58270		12.49541	14.40253	14.07513	14.08759	11.90934	12.63326	11.94914	13.07362	13.20385	12.7495	12.72187
400	9.22029		11.2335	10.56947	11.07983	10.41186	11.94101	10.12136	10.18015	12.61023	10.92273	14.38619	11.64413		11.45288	12.69954	12.54339	12.48795	10.69044	11.12898	10.78573	11.46819	11.56147	11.41406	11.27169
425	8.53757		10.20825	9.75243	10.22515	9.52137	11.08075	9.3767	9.27663	11.87785	10.30418	14.06108	10.97929		10.63979	11.38044	11.3677	11.26665	9.84355	10.15398	10.04325	10.35691	10.46511	10.58171	10.32019
450	8.00169		9.39259	9.15828	9.49222	8.88654	10.42172	8.84643	8.61128	11.21331	9.84516	13.59051	10.42134		9.94064	10.34408	10.43082	10.25504	9.17546	9.46364	9.46768	9.52225	9.67322	10.0134	9.62804
475	7.52418		8.72238	8.66863	8.87472	8.36281	9.83595	8.40571	8.05321	10.60805	9.4192	12.99972	9.89718		9.29024	9.48145	9.6277	9.40478	8.60041	8.89728	8.93086	8.84851	9.04598	9.52492	9.04951
500	7.08235		8.14322	8.20266	8.30555	7.87806	9.27691	7.99356	7.54095	10.03929	8.97115	12.34701	9.37839		8.67476	8.72189	8.92163	8.68102	8.06129	8.34866	8.40189	8.2703	8.4884	9.04829	8.51151
530	6.57855		7.52056	7.67173	7.68124	7.34355	8.64243	7.5007	6.97874	9.3485	8.39261	11.50758	8.74563		8.00381	7.94773	8.18949	7.94737	7.47847	7.74958	7.81956	7.68395	7.91381	8.46879	7.92714
560	6.17518		7.01116	7.24012	7.14608	6.91936	8.1074	7.10434	6.53007	8.68615	7.85741	10.68155	8.17190		7.48182	7.35874	7.62735	7.36731	7.00618	7.27351	7.34803	7.23134	7.44702	7.98487	7.45695
600	5.78885		6.49278	6.842	6.55813	6.51663	7.56435	6.71177	6.13644	7.8622	7.22037	9.60501	7.50716		6.98787	6.83024	7.12397	6.81966	6.54735	6.85028	6.8907	6.84071	7.01772	7.4895	7.01778
630	5.56687		6.16624	6.60933	6.18609	6.29506	7.24077	6.46878	5.93069	7.28857	6.81732	8.78152	7.05738		6.67557	6.55927	6.82234	6.4918	6.26026	6.61937	6.60315	6.62972	6.76698	7.1911	6.76206
670	5.26502		5.78125	6.27518	5.72985	5.98591	6.80458	6.12253	5.67155	6.5756	6.36599	7.6041	6.46795		6.18414	6.19939	6.40128	6.06701	5.85786	6.29414	6.17941	6.33432	6.42912	6.7601	6.39942
710	4.9389		5.45777	5.91318	5.37186	5.66205	6.33436	5.7395	5.37355	6.03885	5.9473	6.55024	5.92989		5.67464	5.8108	5.96001	5.66673	5.45559	5.93394	5.73657	6.00397	6.07051	6.26619	6.00224
750	4.60198		5.17011	5.54037	5.11097	5.32241	5.88074	5.34925	5.05168	5.6462	5.53561	5.8123	5.47901		5.21922	5.3889	5.52756	5.30928	5.10871	5.55261	5.34957	5.65163	5.70375	5.75062	5.60164
800	4.17407		4.7662	5.03637	4.71568	4.86368	5.32467	4.83161	4.62316	5.16499	5.00477	5.15222	4.95535		4.7109	4.84348	5.00574	4.84371	4.67835	5.06903	4.91446	5.16682	5.19619	5.14159	5.09762
850	3.79436		4.37741	4.58995	4.33258	4.44905	4.83545	4.37207	4.24321	4.71522	4.53806	4.6538	4.50447		4.3028	4.38125	4.55755	4.41313	4.30109	4.67745	4.55506	4.72923	4.72358	4.66387	4.66984
900	3.50277		4.06242	4.24318	4.01237	4.11332	4.4455	4.01575	3.94289	4.36323	4.1728	4.27911	4.15476		3.99847	4.02619	4.21495	4.06324	3.99725	4.37082	4.26073	4.37733	4.33394	4.31877	4.33232
950	3.22151		3.7528	3.91122	3.70235	3.78559	4.08123	3.67623	3.64754	4.03826	3.82738	3.93656	3.82519		3.69577	3.707	3.88537	3.73538	3.69696	4.08375	3.9618	4.04667	3.97903	4.01104	4.01646
1000	2.93046		3.4231	3.55748	3.37949	3.44648	3.71283	3.33292	3.32516	3.69158	3.47733	3.58927	3.48325		3.3679	3.37333	3.54327	3.38437	3.37273	3.7581	3.63513	3.69443	3.61064	3.69921	3.67950
1060	2.56325		3.01803	3.11666	2.97076	3.02665	3.26675	2.9034	2.91146	3.25276	3.0459	3.16111	3.05493		2.95058	2.94498	3.10979	2.94859	2.96812	3.32981	3.21569	3.25758	3.15498	3.28876	3.24936
1120	2.24237		2.65414	2.74101	2.61098	2.65935	2.87391	2.53374	2.54992	2.86791	2.67265	2.78927	2.68270		2.59284	2.57964	2.73994	2.5818	2.60512	2.95785	2.83539	2.87748	2.76242	2.92412	2.87145
1180	1.97395		2.34445	2.42537	2.30635	2.34888	2.54685	2.22408	2.24894	2.53487	2.35905	2.47202	2.36779		2.2849	2.2675	2.42062	2.27061	2.30326	2.63313	2.51166	2.54815	2.43264	2.60067	2.54525
1250	1.67374		1.99335	2.06997	1.96574	1.99563	2.18487	1.88243	1.91284	2.16045	2.00455	2.11699	2.01545		1.93879	1.91897	2.06245	1.91993	1.95478	2.26217	2.1447	2.1849	2.07446	2.23752	2.18075
1320	1.44873		1.74001	1.81538	1.71912	1.74257	1.92116	1.63924	1.66513	1.89601	1.74713	1.86094	1.76169		1.68551	1.6661	1.80289	1.67395	1.70256	1.99369	1.87755	1.92318	1.81263	1.97395	1.91620
1400	1.27823		1.54769	1.62526	1.53577	1.55113	1.72009	1.4524	1.47362	1.69824	1.55701	1.66975	1.57020		1.49805	1.47515	1.60965	1.48783	1.51762	1.79443	1.67793	1.72739	1.61094	1.7692	1.71598
1500	1.09143		1.34024	1.41681	1.3384	1.34859	1.50784	1.24726	1.26881	1.48318	1.34698	1.45754	1.36075		1.29205	1.27077	1.41199	1.28619	1.31749	1.5793	1.4637	1.51139	1.39157	1.54971	1.49913
1600	0.94918		1.16996	1.24043	1.17234	1.18667	1.34278	1.07774	1.10004	1.29834	1.17069	1.28127	1.18562		1.12439	1.09252	1.25195	1.11097	1.16204	1.41326	1.28601	1.33782	1.21233	1.38078	1.32604
1700	0.83833		1.03881	1.10667	1.04381	1.06057	1.2147	0.95034	0.97388	1.15918	1.03543	1.1467	1.05311		0.99583	0.95961	1.1208	0.98658	1.04207	1.28627	1.14733	1.20807	1.07932	1.25356	1.19491
1800	0.74799		0.92745	0.99603	0.93875	0.95102	1.10112	0.84975	0.87186	1.04811	0.92479	1.03654	0.94621		0.88828	0.85453	1.01256	0.88651	0.93875	1.17369	1.03045	1.09549	0.97055	1.13905	1.08185
1900	0.66626		0.81947	0.88519	0.83343	0.84623	0.98827	0.75053	0.7695	0.93656	0.81565	0.92597	0.83964		0.78492	0.75368	0.90438	0.78625	0.83768	1.05269	0.91494	0.9811	0.86064	1.0193	0.96573
2000	0.58892		0.71189	0.77407	0.72737	0.74019	0.87323	0.65364	0.66859	0.82295	0.70778	0.81447	0.73349		0.68454	0.65716	0.79903	0.69018	0.7369	0.93049	0.80249	0.86946	0.75676	0.90085	0.85201
2120	0.51777		0.60986	0.66437	0.62486	0.63586	0.75721	0.56097	0.57413	0.70801	0.60543	0.70402	0.63051		0.589	0.56598	0.69774	0.60003	0.64154	0.81048	0.6946	0.76095	0.65952	0.78404	0.74192
2240	0.45683		0.52413	0.57096	0.53678	0.54648	0.65546	0.48245	0.49484	0.61171	0.5191	0.60855	0.54333		0.50866	0.4882	0.60767	0.51816	0.55901	0.70365	0.59889	0.66034	0.57032	0.67894	0.64243
2360	0.40199		0.45463	0.4953	0.46282	0.47024	0.57281	0.41887	0.43111	0.53498	0.44625	0.53022	0.47229		0.43992	0.42597	0.52821	0.44631	0.48558	0.61426	0.51631	0.57249	0.49415	0.59245	0.55793
2500	0.34909		0.38096	0.41429	0.38119	0.39072	0.48498	0.35329	0.36351	0.45539	0.369	0.44717	0.39767		0.36765	0.36108	0.42979	0.36975	0.40597	0.52611	0.42754	0.47897	0.41602	0.49963	0.46965
2650	0.28714		0.30592	0.32076	0.29056	0.30265	0.37526	0.28224	0.28993	0.36422	0.28435	0.35284	0.31472		0.28275	0.29872	0.32497	0.29997	0.31133	0.41162	0.33637	0.37395	0.33444	0.38225	0.36773
2800	0.27074		0.24331	0.23365	0.21054	0.2303	0.28507	0.21907	0.22337	0.27225	0.20457	0.26391	0.23663		0.20279	0.24366	0.23602	0.23609	0.22764	0.29849	0.25546	0.27389	0.25864	0.27162	0.27162
3000	0.23198		0.18968	0.16655	0.1549	0.16299	0.20567	0.16622	0.16669	0.19545	0.14659	0.19166	0.17332		0.14588	0.19839	0.17726	0.18091	0.16782	0.20937	0.20401	0.19997	0.20449	0.18513	0.20059
3150	0.2121		0.17407	0.14438	0.13895	0.14251	0.17329	0.15002	0.14742	0.17073	0.13306	0.16707	0.15366		0.13885	0.1884	0.16591	0.16693	0.16526	0.17497	0.20356	0.20043	0.18974	0.16263	0.18627
3350	0.19772		0.18409	0.14968	0.15665	0.1574	0.17535	0.16797	0.17051	0.17765	0.1507	0.17239	0.16784		0.16574	0.21278	0.1815	0.20347	0.18575	0.18569	0.24401	0.20979	0.21053	0.16705	0.20341
3550	0.20707		0.21369	0.17936	0.19358	0.19401	0.20777	0.20906	0.2171	0.20818	0.18615	0.20228	0.20455		0.21888	0.25908	0.21747	0.26594	0.20288	0.2288	0.30614	0.24661	0.24878	0.19942	0.24595
3750	0.23498		0.24806	0.21451	0.2304	0.24019	0.24306	0.25665	0.27151	0.24089	0.23121	0.23827	0.24771		0.28733	0.3179	0.26046	0.35009	0.25317	0.27852	0.33126	0.30092	0.29702	0.24893	0.29133
4000	0.30753		0.29355	0.25407	0.28355	0.31093	0.27661	0.31233	0.34106	0.2717	0.29921	0.27443	0.29975		0.38144	0.39711	0.3251	0.44288	0.33718	0.32392	0.40534	0.36234	0.3568	0.30182	0.35004
4250	0.39564		0.36203	0.31755	0.36903	0.40546	0.33382	0.39378	0.43547	0.31907	0.3839	0.32365	0.37117		0.49429	0.49771	0.40794	0.52841	0.43917	0.37508	0.49939	0.43776	0.43657	0.36709	0.42318
4500	0.46725		0.43549	0.39694	0.46257	0.49608	0.40305	0.48731	0.52829	0.3772	0.47876	0.38727	0.45177		0.61423	0.59922	0.49196	0.62701	0.54565	0.43531	0.59104	0.52746	0.53115	0.4573	0.50845
4750	0.55225		0.52608	0.48302	0.5632	0.60627	0.46772	0.6102	0.64628	0.45657	0.60931	0.46404	0.55728		0.76432	0.70635	0.59877	0.71991	0.68209	0.50781	0.70285	0.61507	0.62053	0.5487	0.59899
5000	0.63006		0.62595	0.56411	0.65896	0.71837	0.53474	0.74151	0.76123	0.53931	0.71345	0.54155	0.65941		0.8851	0.82763	0.70473	0.84284	0.80638	0.57262	0.81339	0.71202	0.72255	0.64768	0.69365
5300	0.69949		0.70867	0.63985	0.74159	0.80444	0.59386	0.84802	0.85578	0.61388	0.78219	0.6127	0.74251		0.9608	0.92065	0.77543	0.93993	0.86903	0.62834	0.8772	0.75895	0.7916	0.71063	0.75334
5600	0.74274		0.73057	0.67092	0.76581	0.82931	0.60971	0.86711	0.86765	0.64657	0.79545	0.63892	0.76314		0.97222	0.94425	0.79448	0.94277	0.87894	0.63921	0.86785	0.7788	0.79919	0.73012	0.76303
6000	0.79141		0.72808	0.67229	0.75035	0.82042	0.59608	0.8522	0.84356	0.64756	0.78313	0.63029	0.75135		0.9556	0.9331	0.79463	0.91407	0.88955	0.61691	0.827	0.76126	0.79952	0.71212	0.74336
6300	0.80051		0.71631	0.65639	0.7361	0.79819	0.57717	0.8274	0.81737	0.63626	0.76032	0.61611	0.73149		0.92659	0.90967	0.79171	0.8737	0.87782	0.60227	0.83438	0.74723	0.79016	0.69508	0.73382
6700	0.75571		0.6865	0.63194	0.70302	0.74702	0.55377	0.78785	0.76638	0.61587	0.69935	0.59041	0.69197		0.84979	0.84581	0.74867	0.81231	0.82006	0.56939	0.78565	0.70917	0.75762	0.66109	0.69658
7100	0.66786		0.60828	0.56103	0.61466	0.64765	0.48503	0.69632	0.66551	0.55347	0.61564	0.52827	0.61184		0.73651	0.73288	0.66164	0.73077	0.71486	0.49925	0.68625	0.62811	0.6751	0.58678	0.61510
7500	0.58548		0.52829	0.48237	0.52585	0.55967	0.41489	0.60442	0.57464	0.49302	0.53468	0.46342	0.53404		0.6263	0.62586	0.5829	0.63473	0.61562	0.43468	0.59414	0.5357	0.57531	0.49686	0.52734
8000	0.43401		0.40966	0.38149	0.40248	0.42603	0.32791	0.45646	0.43452	0.40287	0.3918	0.37408	0.41195		0.45804	0.49306	0.46263	0.52417	0.45897	0.35335	0.45616	0.43294	0.46211	0.39432	0.41978
8500	0.34326		0.30115	0.29429	0.29316	0.31227	0.25654	0.31954	0.31596	0.31537	0.2893	0.29341	0.30672		0.33152	0.36375	0.35006	0.39615	0.33401	0.29094	0.33007	0.33194	0.35257	0.29703	0.32051
9000	0.28499		0.23296	0.2298	0.22192	0.23795	0.21184	0.2359	0.24155	0.24629	0.22754	0.23322	0.23690		0.25246	0.2772	0.28171	0.30967	0.2683	0.24522	0.26005	0.26543	0.29116	0.23832	0.26004
9500	0.23622		0.19914	0.18945	0.18378	0.19555	0.18417	0.19918	0.20692	0.20101	0.19398	0.19753	0.19972		0.20702	0.22369	0.2381	0.26363	0.23208	0.20977	0.22727	0.22508	0.25359	0.20449	0.22404
10000	0.18208		0.17398	0.16084	0.16188	0.16825	0.16215	0.17132	0.18076	0.17336	0.17186	0.17581	0.17462		0.16762	0.18642	0.2012	0.22345	0.20194	0.18392	0.20261	0.19674	0.21383	0.18243	0.19591
10600	0.14482		0.15419	0.14636	0.14396	0.15244	0.15072	0.15541	0.15715	0.15749	0.15859	0.15874	0.15748		0.13461	0.15654	0.16399	0.18887	0.16673	0.15415	0.17074	0.16036	0.17946	0.15455	0.16385
11200	0.12988		0.13869	0.13091	0.13039	0.14255	0.13818	0.14379	0.14292	0.14548	0.15927	0.14685	0.14766		0.12547	0.14496	0.15071	0.16926	0.15044	0.13902	0.15359	0.14261	0.15946	0.13696	0.14633
11800	0.12321		0.14451	0.13573	0.13763	0.14683	0.1442	0.15242	0.14721	0.15112	0.16273	0.15254	0.15320		0.12529	0.15171	0.15886	0.16899	0.15621	0.14343	0.15713	0.1476	0.16135	0.14149	0.15020
12500	0.12685		0.14808	0.13958	0.14122	0.14805	0.14515	0.15493	0.14805	0.15302	0.1614	0.15467	0.15441		0.12943	0.15575	0.16295	0.16644	0.16061	0.147	0.15919	0.15235	0.16386	0.14492	0.15346
13200	0.13978		0.15016	0.14031	0.14486	0.14623	0.14733	0.15366	0.14681	0.14995	0.15692	0.15408	0.15228		0.12676	0.15656	0.1603	0.16446	0.16237	0.14512	0.15582	0.15403	0.1658	0.14294	0.15274
14000	0.14781		0.14052	0.12945	0.14051	0.1331	0.14233	0.1396	0.13247	0.13686	0.1391	0.14181	0.13797		0.11802	0.14063	0.14627	0.14663	0.15001	0.13326	0.14613	0.14171	0.15363	0.13131	0.14121
	PASSED		PASSED	PASSED	PASSED	PASSED	PASSED	PASSED	PASSED	PASSED	PASSED	PASSED			PASSED	PASSED	PASSED	PASSED	PASSED	PASSED	PASSED	PASSED	PASSED	PASSED	

## IMP  DATA_(NTI
	〔fg=#0000FF,b〕 ST 		〔fg=#0000FF,b〕Test GES #1	〔fg=#0000FF,b〕Test GES #2	〔fg=#0000FF,b〕Test GES #3	〔fg=#0000FF,b〕Test GES #4	〔fg=#0000FF,b〕Test GES #5	〔fg=#0000FF,b〕Test GES #6	〔fg=#0000FF,b〕Test GES #7	〔fg=#0000FF,b〕Test GES #8	〔fg=#0000FF,b〕Test GES #9	〔fg=#0000FF,b〕Test GES #10	〔fg=#FF0000,b〕Test GES AVG		〔fg=#0000FF,b〕Normal #1	〔fg=#0000FF,b〕Normal #2	〔fg=#0000FF,b〕Normal #3	〔fg=#0000FF,b〕Normal #4	〔fg=#0000FF,b〕Normal #5	〔fg=#0000FF,b〕Normal #6	〔fg=#0000FF,b〕Normal #7	〔fg=#0000FF,b〕Normal #8	〔fg=#0000FF,b〕Normal #9	〔fg=#0000FF,b〕Normal #10	〔fg=#FF0000,b〕Normal AVG
100	6.43727		6.37354	6.60078	6.571	6.47815	6.46258	6.47093	6.45731	6.43211	6.51532	6.44324	6.46378		6.43323	6.46981	6.60445	6.53294	6.50813	6.50005	6.47263	6.58525	6.44193	6.5345	6.50687
106	6.5017		6.44034	6.65118	6.61298	6.53797	6.52804	6.53726	6.52379	6.49814	6.58259	6.50979	6.53031		6.49892	6.537	6.66496	6.59084	6.56949	6.56296	6.53557	6.64275	6.50759	6.59974	6.56972
112	6.55325		6.49481	6.69891	6.6633	6.58959	6.58126	6.59054	6.57697	6.55189	6.638	6.56298	6.58408		6.55178	6.59071	6.71528	6.63761	6.62096	6.61363	6.58755	6.69377	6.56092	6.65158	6.62149
118	6.59571		6.54013	6.73897	6.70042	6.63075	6.62444	6.63386	6.6209	6.59693	6.68324	6.60689	6.62836		6.59602	6.63402	6.75627	6.6773	6.66355	6.65574	6.631	6.73324	6.60559	6.69402	6.66392
125	6.6387		6.58494	6.77823	6.74002	6.67453	6.66795	6.67648	6.6638	6.64071	6.72885	6.64946	6.67186		6.64016	6.67882	6.79803	6.71871	6.7039	6.69846	6.67331	6.76945	6.64898	6.73714	6.70547
132	6.67429		6.62219	6.81145	6.77285	6.71129	6.70447	6.71146	6.69997	6.67887	6.76702	6.68504	6.70847		6.67688	6.71521	6.83296	6.75027	6.7372	6.73406	6.70932	6.80458	6.6856	6.7719	6.74109
140	6.70959		6.6598	6.84451	6.80326	6.75137	6.73967	6.7478	6.73674	6.7143	6.8041	6.72064	6.74472		6.71398	6.75202	6.86856	6.78401	6.77121	6.76903	6.74375	6.83856	6.72139	6.80601	6.77575
150	6.74774		6.69851	6.8805	6.83526	6.79254	6.77768	6.78568	6.77558	6.75231	6.84434	6.75822	6.78323		6.75252	6.78982	6.90448	6.81999	6.80678	6.80652	6.78028	6.87685	6.75963	6.84504	6.81366
160	6.78027		6.73177	6.91214	6.86262	6.82636	6.8108	6.81729	6.80881	6.78508	6.87842	6.78988	6.81590		6.78615	6.82209	6.93644	6.84929	6.83793	6.83853	6.81258	6.90864	6.7929	6.87746	6.84602
170	6.8079		6.76072	6.93891	6.8886	6.85466	6.83846	6.84553	6.83702	6.81365	6.90765	6.81769	6.84431		6.81488	6.84996	6.96297	6.87686	6.86539	6.86528	6.841	6.93416	6.8216	6.90595	6.87360
180	6.83213		6.78544	6.96253	6.91094	6.8761	6.86295	6.87	6.86131	6.83847	6.93326	6.84175	6.86896		6.84008	6.8736	6.98621	6.90005	6.89051	6.88877	6.8649	6.95591	6.84633	6.93048	6.89728
190	6.85412		6.80855	6.98494	6.93077	6.89461	6.88537	6.89332	6.88386	6.86221	6.95615	6.86341	6.89179		6.86302	6.89569	7.00859	6.92199	6.91289	6.91062	6.88697	6.97828	6.86872	6.95268	6.91945
200	6.87254		6.83	7.00545	6.9519	6.91664	6.9062	6.91491	6.90607	6.88437	6.97849	6.8847	6.91371		6.88352	6.91806	7.02958	6.94149	6.93423	6.93147	6.90732	7.00079	6.88971	6.97326	6.94051
212	6.89496		6.85281	7.02846	6.97211	6.93852	6.92917	6.93855	6.92913	6.90854	7.00235	6.90832	6.93738		6.9067	6.94125	7.0518	6.96435	6.95756	6.95363	6.92971	7.02407	6.91198	6.99644	6.96317
224	6.91419		6.87501	7.0492	6.9932	6.95884	6.95121	6.95969	6.95145	6.93023	7.02585	6.93145	6.95973		6.92849	6.96314	7.0727	6.98533	6.97925	6.97456	6.95217	7.04359	6.93402	7.01752	6.98437
236	6.93395		6.89641	7.06984	7.013	6.98026	6.97205	6.98099	6.97234	6.95201	7.04853	6.9527	6.98131		6.95032	6.98231	7.0933	7.00591	6.99964	6.99501	6.97258	7.0642	6.95452	7.03824	7.00491
250	6.95522		6.92046	7.09386	7.03483	7.00307	6.99548	7.00554	6.99597	6.97725	7.07409	6.97766	7.00610		6.97453	7.00461	7.11528	7.02919	7.02356	7.01813	6.99682	7.08681	6.97803	7.06143	7.02824
265	6.97819		6.94639	7.11961	7.06156	7.02743	7.02126	7.03079	7.02137	7.00431	7.09983	7.00418	7.03210		6.99954	7.02808	7.14005	7.0523	7.04811	7.04121	7.02294	7.10918	7.00196	7.08583	7.05222
280	7.00147		6.97295	7.14758	7.08681	7.05334	7.04702	7.05719	7.0482	7.03168	7.1283	7.03063	7.05920		7.0252	7.05241	7.16418	7.07786	7.07373	7.06634	7.04865	7.13299	7.02686	7.11146	7.07726
300	7.03368		7.00985	7.18522	7.12188	7.09273	7.08345	7.09461	7.08588	7.07226	7.16715	7.06768	7.09752		7.06206	7.08645	7.20014	7.11408	7.11019	7.1	7.08491	7.16746	7.06196	7.14628	7.11212
315	7.05973		7.03985	7.21589	7.15066	7.12313	7.11307	7.12584	7.11598	7.10368	7.19789	7.09795	7.12827		7.09204	7.11327	7.22833	7.14258	7.13903	7.12727	7.11451	7.19341	7.08966	7.17369	7.13971
335	7.09769		7.08311	7.26065	7.1914	7.16771	7.15547	7.17086	7.16045	7.15027	7.24426	7.14153	7.17347		7.13453	7.15171	7.26929	7.1845	7.1804	7.16614	7.15748	7.23102	7.12889	7.2128	7.17927
355	7.13981		7.13267	7.31264	7.23866	7.21771	7.2034	7.22115	7.21008	7.2025	7.29774	7.19129	7.22455		7.18247	7.19426	7.31563	7.23128	7.22804	7.20929	7.20549	7.27292	7.17157	7.25646	7.22315
375	7.18978		7.18787	7.36903	7.29367	7.27338	7.25665	7.2786	7.26822	7.26249	7.35747	7.24738	7.28283		7.23843	7.24319	7.36848	7.28341	7.28082	7.2592	7.25929	7.3213	7.22095	7.30492	7.27313
400	7.26369		7.26889	7.45498	7.37532	7.35513	7.33446	7.36378	7.35239	7.35211	7.44655	7.33119	7.36920		7.31984	7.31575	7.44467	7.36388	7.35965	7.33122	7.33872	7.39157	7.29169	7.37698	7.34604
425	7.35259		7.36541	7.55462	7.47271	7.45325	7.42681	7.46428	7.45173	7.45661	7.55191	7.43014	7.47093		7.41671	7.40226	7.53518	7.45802	7.45324	7.41552	7.43194	7.47411	7.37642	7.46094	7.43179
450	7.45817		7.47558	7.67055	7.58411	7.56493	7.53411	7.57971	7.56674	7.57238	7.67099	7.54384	7.58673		7.52795	7.50498	7.64154	7.56874	7.5617	7.51165	7.53936	7.57136	7.47524	7.55823	7.53117
475	7.58112		7.59723	7.79888	7.707	7.69102	7.65538	7.71168	7.69487	7.68899	7.79938	7.66858	7.71270		7.64977	7.6236	7.76369	7.69552	7.68542	7.6211	7.65998	7.68163	7.58878	7.6694	7.64418
500	7.72037		7.72414	7.93958	7.8333	7.82774	7.78873	7.85721	7.83631	7.79539	7.93035	7.79149	7.84215		7.77823	7.75707	7.89901	7.83408	7.81971	7.7425	7.7862	7.80342	7.71675	7.79076	7.76793
530	7.90214		7.88439	8.11363	7.98186	8.00087	7.95143	8.03848	8.01651	7.92232	8.09666	7.90874	7.99654		7.94147	7.93253	8.07089	8.00523	7.98513	7.89664	7.93029	7.96343	7.88684	7.94358	7.92416
560	8.08299		8.05024	8.27739	8.1448	8.16881	8.10039	8.2121	8.19241	8.07142	8.2577	8.03149	8.15302		8.10342	8.10603	8.23732	8.17771	8.14993	8.04615	8.06277	8.12376	8.05983	8.08746	8.07599
600	8.27079		8.23353	8.4338	8.33753	8.342	8.25644	8.38395	8.36802	8.24689	8.41839	8.2024	8.32393		8.28014	8.29753	8.41649	8.37208	8.34032	8.20988	8.22457	8.30776	8.26333	8.24504	8.25012
630	8.35861		8.3211	8.49995	8.43264	8.42166	8.33592	8.45791	8.44648	8.3354	8.48788	8.29619	8.40477		8.36915	8.40218	8.51133	8.47215	8.43467	8.30538	8.31629	8.41325	8.37522	8.34315	8.35066
670	8.36248		8.33386	8.49503	8.45272	8.4298	8.35732	8.44941	8.44489	8.36055	8.48229	8.32937	8.41330		8.38862	8.44966	8.54395	8.49993	8.46621	8.36346	8.35412	8.47083	8.42635	8.41286	8.40552
710	8.26634		8.25766	8.40734	8.37783	8.34854	8.29667	8.35207	8.35413	8.29949	8.3946	8.27662	8.33538		8.31536	8.39801	8.48792	8.42668	8.39996	8.34331	8.30821	8.43954	8.37687	8.40104	8.37379
750	8.10773		8.12104	8.26711	8.23576	8.2066	8.17684	8.19717	8.20361	8.17583	8.25157	8.16102	8.19784		8.18274	8.27049	8.36435	8.28157	8.26587	8.25266	8.19709	8.33554	8.25006	8.31909	8.27089
800	7.87545		7.91371	8.06149	8.01848	7.99314	7.9865	7.97317	7.9846	7.98185	8.04279	7.97387	7.99126		7.97773	8.05559	8.15855	8.05636	8.05236	8.07889	8.00882	8.14626	8.03989	8.14563	8.08390
850	7.66208		7.71126	7.8644	7.80979	7.78686	7.79601	7.76434	7.77629	7.78542	7.84385	7.7828	7.79054		7.77386	7.84036	7.9514	7.83786	7.84232	7.88603	7.81577	7.9447	7.82715	7.95166	7.88506
900	7.48959		7.53907	7.69509	7.63106	7.61114	7.62808	7.59169	7.60127	7.61492	7.67464	7.61327	7.61916		7.60023	7.65352	7.76916	7.65155	7.65988	7.7101	7.64402	7.76193	7.64238	7.77213	7.70611
950	7.35653		7.40046	7.56013	7.48936	7.4712	7.48904	7.45359	7.46376	7.47692	7.53832	7.4755	7.48162		7.46	7.50358	7.62135	7.50379	7.51461	7.56302	7.50431	7.61182	7.49459	7.61989	7.55873
1000	7.25782		7.29377	7.45453	7.37956	7.36461	7.38247	7.35044	7.35673	7.36767	7.43457	7.36797	7.37548		7.35103	7.38696	7.50639	7.3899	7.40325	7.44537	7.39341	7.4929	7.37965	7.50041	7.44235
1060	7.17896		7.20437	7.36442	7.28486	7.27299	7.29018	7.26509	7.26799	7.27196	7.34592	7.27347	7.28489		7.25932	7.29011	7.40604	7.29488	7.30873	7.34309	7.29883	7.39128	7.28198	7.3963	7.34230
1120	7.12811		7.1429	7.30224	7.22318	7.21099	7.22488	7.20595	7.20729	7.20594	7.28554	7.20903	7.22275		7.19562	7.22461	7.33873	7.22981	7.24443	7.27066	7.23199	7.32085	7.21639	7.32157	7.27229
1180	7.09386		7.10046	7.25826	7.18045	7.1683	7.18045	7.16705	7.16681	7.16047	7.24509	7.16372	7.18063		7.15358	7.1809	7.29241	7.1858	7.19904	7.22168	7.18733	7.27379	7.1724	7.27252	7.22554
1250	7.06888		7.06976	7.22854	7.15044	7.13691	7.14798	7.13898	7.13691	7.12785	7.21383	7.13106	7.14973		7.12232	7.149	7.25809	7.15417	7.16768	7.1842	7.15362	7.23777	7.13953	7.23405	7.18983
1320	7.05532		7.05265	7.20952	7.13256	7.11863	7.12764	7.12271	7.11933	7.107	7.19562	7.11137	7.13121		7.10265	7.13118	7.23701	7.1357	7.14817	7.16052	7.13274	7.21676	7.11857	7.21058	7.16783
1400	7.04696		7.03955	7.19685	7.12006	7.10702	7.1148	7.11217	7.10721	7.09133	7.18372	7.0988	7.11865		7.08925	7.11852	7.22344	7.12263	7.1362	7.14633	7.12006	7.20283	7.10669	7.19582	7.15435
1500	7.0468		7.03626	7.19252	7.11623	7.10164	7.1105	7.11106	7.10404	7.08667	7.17966	7.09379	7.11504		7.08494	7.1146	7.21833	7.11801	7.13187	7.13881	7.11547	7.19645	7.10195	7.18974	7.14848
1600	7.05327		7.04013	7.19505	7.11968	7.10494	7.11303	7.11533	7.10904	7.08935	7.18396	7.09613	7.11876		7.08786	7.11912	7.22182	7.12182	7.13488	7.14099	7.1184	7.19867	7.10458	7.1905	7.15063
1700	7.06405		7.04826	7.20422	7.12932	7.11391	7.12179	7.12534	7.11805	7.09731	7.19299	7.10458	7.12765		7.09712	7.1293	7.23057	7.13028	7.14334	7.1485	7.12624	7.20634	7.11238	7.19789	7.15827
1800	7.0776		7.06075	7.21577	7.1424	7.12554	7.13326	7.13789	7.1298	7.10832	7.2045	7.11536	7.13917		7.1084	7.14293	7.24215	7.14217	7.15466	7.15873	7.13764	7.21834	7.12353	7.20916	7.16948
1900	7.0905		7.07296	7.22702	7.15481	7.13781	7.14457	7.15069	7.14086	7.11977	7.21607	7.12624	7.15073		7.1198	7.157	7.2531	7.15372	7.16717	7.17167	7.14892	7.23318	7.13745	7.22166	7.18258
2000	7.10412		7.08548	7.23891	7.16548	7.15071	7.1569	7.1617	7.15268	7.13142	7.22857	7.13835	7.16254		7.13285	7.16976	7.26595	7.16681	7.18177	7.18591	7.16191	7.24994	7.15226	7.23533	7.19707
2120	7.12552		7.1061	7.25958	7.187	7.17418	7.17848	7.18316	7.17438	7.15279	7.24989	7.15874	7.18379		7.15366	7.19282	7.28701	7.18707	7.20147	7.20311	7.18216	7.26982	7.17	7.25367	7.21575
2240	7.14777		7.12814	7.28236	7.21107	7.19766	7.19993	7.20538	7.19661	7.17533	7.27228	7.18098	7.20612		7.1754	7.21557	7.30902	7.2094	7.22323	7.22364	7.20397	7.29182	7.19183	7.27552	7.23736
2360	7.17052		7.1506	7.30542	7.2355	7.22149	7.22344	7.22919	7.21977	7.19724	7.29577	7.20334	7.22906		7.1978	7.2392	7.33246	7.23261	7.24738	7.247	7.22663	7.31586	7.21477	7.29828	7.26051
2500	7.19899		7.17989	7.33412	7.2651	7.25223	7.25245	7.25812	7.24806	7.22614	7.32383	7.23158	7.25755		7.22757	7.26872	7.36012	7.26138	7.27629	7.27691	7.25565	7.34346	7.24317	7.32726	7.28929
2650	7.23099		7.21323	7.36522	7.29848	7.2857	7.28469	7.29091	7.28082	7.25904	7.35564	7.26409	7.29010		7.25884	7.30267	7.39173	7.29414	7.30689	7.30971	7.28694	7.37581	7.27458	7.35889	7.32119
2800	7.26533		7.24845	7.39911	7.33362	7.32024	7.31958	7.32332	7.3148	7.29335	7.38857	7.29761	7.32353		7.29234	7.33915	7.42695	7.32764	7.34241	7.34354	7.32169	7.40866	7.30785	7.39206	7.35476
3000	7.31234		7.29608	7.44722	7.38232	7.36981	7.36694	7.37129	7.36234	7.33924	7.43645	7.34445	7.37075		7.3387	7.38849	7.47304	7.37575	7.38889	7.39082	7.36759	7.4555	7.35564	7.4382	7.40155
3150	7.34763		7.33129	7.4825	7.41963	7.40697	7.40266	7.40669	7.39696	7.37549	7.47267	7.38086	7.40653		7.374	7.42501	7.50801	7.41044	7.42466	7.42627	7.40438	7.49115	7.39017	7.47325	7.43704
3350	7.3969		7.3815	7.53486	7.47293	7.45958	7.4549	7.45877	7.44766	7.42674	7.52401	7.43194	7.45782		7.42505	7.47744	7.55973	7.46055	7.47562	7.47737	7.45557	7.54043	7.44	7.52498	7.48767
3550	7.4477		7.43423	7.58725	7.52517	7.51274	7.50658	7.5116	7.5005	7.47786	7.57618	7.48323	7.50987		7.47707	7.52992	7.61091	7.51357	7.5278	7.53049	7.50964	7.59332	7.49288	7.57757	7.54078
3750	7.49974		7.48777	7.64141	7.57828	7.5669	7.55935	7.56586	7.55536	7.53252	7.63099	7.53805	7.56456		7.53154	7.5851	7.6646	7.56774	7.58162	7.58452	7.56356	7.64809	7.54694	7.6317	7.59496
4000	7.56981		7.55775	7.71264	7.64998	7.63883	7.63066	7.63779	7.62633	7.604	7.70203	7.61051	7.63613		7.60303	7.65659	7.73543	7.63955	7.65307	7.65688	7.63588	7.71769	7.61775	7.70197	7.66603
4250	7.64004		7.62962	7.78664	7.72311	7.71051	7.70346	7.71191	7.7007	7.67849	7.77691	7.68431	7.71046		7.67699	7.73061	7.80876	7.71329	7.72601	7.72973	7.70833	7.79052	7.68978	7.77568	7.73881
4500	7.71345		7.70561	7.86166	7.7966	7.78607	7.77873	7.78699	7.77635	7.75431	7.85274	7.75986	7.78605		7.75199	7.80689	7.88378	7.78883	7.80159	7.80569	7.78189	7.86516	7.76536	7.85111	7.81384
4750	7.78812		7.78334	7.93753	7.87158	7.86574	7.85677	7.86333	7.85239	7.83204	7.92972	7.83672	7.86284		7.82868	7.88338	7.95937	7.86665	7.87753	7.88252	7.85651	7.94201	7.84295	7.92794	7.89039
5000	7.86206		7.86146	8.01617	7.94857	7.94449	7.9352	7.94192	7.93163	7.91058	8.00971	7.91607	7.94198		7.90781	7.96214	8.03598	7.94597	7.95474	7.96113	7.93319	8.01993	7.92003	8.00581	7.96802
5300	7.95646		7.95829	8.11374	8.04204	8.0433	8.03345	8.03741	8.0291	8.00629	8.1061	8.0124	8.03826		8.00416	8.05261	8.13244	8.04147	8.04986	8.05756	8.03018	8.11538	8.01684	8.10414	8.06482
5600	8.05628		8.06018	8.21502	8.14464	8.14624	8.13627	8.13865	8.13056	8.10872	8.20932	8.11358	8.14017		8.10654	8.15776	8.23491	8.14204	8.15274	8.15951	8.1328	8.21716	8.11895	8.20634	8.16695
6000	8.19234		8.20276	8.35853	8.28691	8.28658	8.27826	8.282	8.27402	8.25121	8.35196	8.25619	8.28308		8.24896	8.30433	8.37721	8.28349	8.29494	8.30027	8.27591	8.35854	8.26239	8.34841	8.30910
6300	8.28845		8.30801	8.46172	8.38998	8.39044	8.38038	8.38866	8.37884	8.35639	8.45454	8.35978	8.38764		8.34965	8.41185	8.48307	8.39242	8.39713	8.40033	8.37914	8.46144	8.36737	8.44989	8.41163
6700	8.39787		8.43606	8.58672	8.51663	8.51689	8.50369	8.51604	8.50349	8.4842	8.57704	8.48568	8.51329		8.46922	8.54305	8.61243	8.5269	8.52121	8.52038	8.50208	8.59018	8.49777	8.57237	8.53656
7100	8.5116		8.55541	8.70723	8.63848	8.63552	8.62236	8.63727	8.62352	8.6037	8.69645	8.60504	8.63320		8.58864	8.65994	8.732	8.64871	8.64128	8.64026	8.62119	8.70961	8.61578	8.69207	8.65578
7500	8.63557		8.67959	8.83404	8.76565	8.76159	8.74959	8.76224	8.7503	8.7294	8.82347	8.73298	8.75968		8.71707	8.78054	8.85338	8.77064	8.76742	8.76907	8.74618	8.83452	8.73765	8.81992	8.78147
8000	8.80102		8.84853	9.00318	8.93565	8.93168	8.92156	8.93069	8.92004	8.89861	8.9928	8.90152	8.92873		8.88875	8.95282	9.02212	8.93979	8.93771	8.94234	8.91322	9.00202	8.90875	8.99049	8.95136
8500	8.97328		9.02627	9.18088	9.11227	9.10871	9.10045	9.10785	9.09681	9.07596	9.17126	9.07811	9.10600		9.06686	9.13254	9.20222	9.11895	9.11693	9.12262	9.09166	9.18119	9.0882	9.16988	9.13071
9000	9.1452		9.20788	9.36232	9.29529	9.29075	9.28269	9.28935	9.27779	9.25888	9.35292	9.26016	9.28782		9.24763	9.31349	9.38344	9.29914	9.29883	9.30355	9.27406	9.3645	9.27003	9.35228	9.31288
9500	9.31707		9.39212	9.5481	9.47774	9.47513	9.46802	9.47423	9.46207	9.4441	9.53827	9.44395	9.47252		9.43259	9.49846	9.56694	9.48339	9.48303	9.48834	9.45732	9.54904	9.45292	9.53656	9.49684
10000	9.49172		9.58055	9.7377	9.66385	9.66442	9.65814	9.66392	9.65108	9.63302	9.72804	9.63283	9.66178		9.61971	9.68776	9.75545	9.67086	9.67097	9.67655	9.64384	9.73662	9.63989	9.72478	9.68434
10600	9.70473		9.80778	9.96631	9.89341	9.89177	9.88735	9.89095	9.87961	9.86137	9.95735	9.86059	9.88997		9.84609	9.91285	9.98297	9.89858	9.89837	9.90285	9.86988	9.96156	9.86707	9.95392	9.91106
11200	9.91354		10.03197	10.1918	10.11955	10.11579	10.11131	10.11395	10.10602	10.08717	10.18116	10.08611	10.11488		10.07187	10.13132	10.20661	10.12402	10.12079	10.12857	10.09339	10.18603	10.09224	10.17949	10.13594
11800	10.11641		10.25399	10.41413	10.33861	10.33475	10.33227	10.33489	10.32928	10.30871	10.40247	10.30803	10.33668		10.29636	10.34823	10.43045	10.34725	10.34592	10.35261	10.31146	10.40945	10.31737	10.40561	10.35930
12500	10.35908		10.51243	10.67152	10.59369	10.58938	10.59209	10.5937	10.58456	10.56823	10.66023	10.56598	10.59454		10.55664	10.60101	10.68857	10.606	10.60541	10.60856	10.56924	10.66535	10.57695	10.66673	10.61737
13200	10.60773		10.7717	10.93331	10.85334	10.8438	10.85241	10.85417	10.84568	10.82851	10.91966	10.82487	10.85458		10.81741	10.8475	10.95035	10.86622	10.86428	10.86268	10.82784	10.92658	10.83907	10.92617	10.87647
14000	10.89376		11.07343	11.23459	11.15504	11.13894	11.15396	11.15532	11.14708	11.12801	11.22045	11.12374	11.15492		11.1191	11.14492	11.25312	11.16866	11.16713	11.16615	11.12629	11.22595	11.14314	11.23075	11.17846
	PASSED		PASSED	PASSED	PASSED	PASSED	PASSED	PASSED	PASSED	PASSED	PASSED	PASSED			PASSED	PASSED	PASSED	PASSED	PASSED	PASSED	PASSED	PASSED	PASSED	PASSED	

## FO DATA
〔fg=#0000FF,b〕RESULT CHECKING FO					
〔fg=#0000FF,b〕Test GES #1	660.66233	〔fg=#0000FF,b〕Normal #1	662.12984	〔fg=#0000FF,b〕ST	653.59438
〔fg=#0000FF,b〕Test GES #2	648.7684	〔fg=#0000FF,b〕Normal #2	667.04489		
〔fg=#0000FF,b〕Test GES #3	663.68948	〔fg=#0000FF,b〕Normal #3	662.66018		
〔fg=#0000FF,b〕Test GES #4	655.8028	〔fg=#0000FF,b〕Normal #4	658.55003		
〔fg=#0000FF,b〕Test GES #5	662.01165	〔fg=#0000FF,b〕Normal #5	660.53842		
〔fg=#0000FF,b〕Test GES #6	648.30273	〔fg=#0000FF,b〕Normal #6	678.60776		
〔fg=#0000FF,b〕Test GES #7	651.94593	〔fg=#0000FF,b〕Normal #7	671.90424		
〔fg=#0000FF,b〕Test GES #8	649.81343	〔fg=#0000FF,b〕Normal #8	675.95557		
〔fg=#0000FF,b〕Test GES #9	668.24607	〔fg=#0000FF,b〕Normal #9	669.77517		
〔fg=#0000FF,b〕Test GES #10	671.64517	〔fg=#0000FF,b〕Normal #10	683.93203		
〔bg=#FFFF00,b〕AVG Test GES	〔bg=#FFFF00,b〕658.09	〔bg=#FFFF00,b〕AVG Normal	〔bg=#FFFF00,b〕669.11	〔bg=#FFFF00,b〕AVG ST 	〔bg=#FFFF00,b〕653.59
