## Function
〔b〕RESULT CHECK FUNCTION OF LOT TEST FRAME IMPROVE 															
〔bg=#B7DEE8,b〕Date	〔bg=#B7DEE8,b〕Type	〔bg=#B7DEE8,b〕Input 	〔bg=#B7DEE8,b〕OK 	〔bg=#B7DEE8,b〕Sigma 				〔bg=#B7DEE8,b〕Hearing  ( + 1V ) 				〔bg=#B7DEE8,b〕Hearing  ( + 0V ) 			
				〔bg=#B7DEE8,b〕SPL 	〔bg=#B7DEE8,b〕THD 	〔bg=#B7DEE8,b〕SPL+THD 	〔bg=#B7DEE8,b〕SPL+THD+F0	〔bg=#B7DEE8,b〕Noise 	〔bg=#B7DEE8,b〕Touch 	〔bg=#B7DEE8,b〕Total NG	〔bg=#B7DEE8,b〕NG Rate	〔bg=#B7DEE8,b〕Noise 	〔bg=#B7DEE8,b〕Touch 	〔bg=#B7DEE8,b〕Total NG	〔bg=#B7DEE8,b〕NG Rate
13/Feb	Frame improve 	494	350	0	0	0	0	29	115	144	29.1%	7	6	13	2.6%
				〔fg=#FF0000〕0.0%	〔fg=#FF0000〕0.0%	〔fg=#FF0000〕0.0%	〔fg=#FF0000〕0.0%	〔fg=#FF0000〕20.1%	〔fg=#FF0000〕79.9%			〔fg=#FF0000〕53.8%	〔fg=#FF0000〕46.2%		
	Normal	794	419	0	0	0	0	95	280	375	47.2%	64	52	116	14.6%
				〔fg=#FF0000〕0.0%	〔fg=#FF0000〕0.0%	〔fg=#FF0000〕0.0%	〔fg=#FF0000〕0.0%	〔fg=#FF0000〕25.3%	〔fg=#FF0000〕74.7%			〔fg=#FF0000〕55.2%	〔fg=#FF0000〕44.8%		

## NTI frequency
Frequency response [dBSPL]	Sample 	100.00Hz	106.00Hz	112.00Hz	118.00Hz	125.00Hz	132.00Hz	140.00Hz	150.00Hz	160.00Hz	170.00Hz	180.00Hz	190.00Hz	200.00Hz	212.00Hz	224.00Hz	236.00Hz	250.00Hz	265.00Hz	280.00Hz	300.00Hz	315.00Hz	335.00Hz	355.00Hz	375.00Hz	400.00Hz	425.00Hz	450.00Hz	475.00Hz	500.00Hz	530.00Hz	560.00Hz	600.00Hz	630.00Hz	670.00Hz	710.00Hz	750.00Hz	800.00Hz	850.00Hz	900.00Hz	950.00Hz	1000.00Hz	1060.00Hz	1120.00Hz	1180.00Hz	1250.00Hz	1320.00Hz	1400.00Hz	1500.00Hz	1600.00Hz	1700.00Hz	1800.00Hz	1900.00Hz	2000.00Hz	2120.00Hz	2240.00Hz	2360.00Hz	2500.00Hz	2650.00Hz	2800.00Hz	3000.00Hz	3150.00Hz	3350.00Hz	3550.00Hz	3750.00Hz	4000.00Hz	4250.00Hz	4500.00Hz	4750.00Hz	5000.00Hz	5300.00Hz	5600.00Hz	6000.00Hz	6300.00Hz	6700.00Hz	7100.00Hz	7500.00Hz	8000.00Hz	8500.00Hz	9000.00Hz	9500.00Hz	10000.00Hz	10600.00Hz	11200.00Hz	11800.00Hz	12500.00Hz	13200.00Hz	14000.00Hz	Result
	Spec	79.26244	79.71749	80.26139	81.25339	82.38099	83.57665	84.8396	86.09058	87.37557	88.77551	90.27404	91.65086	92.97527	94.20758	95.3516	96.42865	97.51963	98.72931	99.94541	101.22387	102.52088	103.82363	105.14501	106.51754	107.86956	109.19703	110.49669	111.77888	113.00055	114.21456	115.3098	116.3184	117.1763	117.89229	118.4246	118.77511	118.87959	118.77686	118.54208	118.22853	117.92912	117.69319	117.48006	117.22413	116.87666	116.45595	116.06487	115.70516	115.25861	114.69917	114.05206	113.40857	112.98324	112.97427	113.24601	113.59701	113.97818	114.01037	113.67412	113.54896	113.65436	113.63282	113.50418	113.5211	113.35113	112.93263	112.58002	112.62425	112.68821	113.02226	113.8812	115.1835	116.52339	117.66281	118.2476	118.52739	118.75754	118.90521	119.00317	119.38033	119.79919	119.79619	119.05395	118.38098	118.07831	117.49139	116.71969	PASSED
	1	80.00911	80.47465	81.0315	82.04031	83.14524	84.35342	85.60853	86.85648	88.16149	89.59418	91.06935	92.44365	93.76224	94.97448	96.10476	97.18441	98.28199	99.48538	100.69847	101.96763	103.25001	104.52578	105.81084	107.12711	108.39981	109.61862	110.77833	111.89247	112.94549	114.00165	114.96493	115.86848	116.65209	117.32247	117.83567	118.19184	118.32752	118.27583	118.10627	117.86879	117.64647	117.48321	117.33028	117.12166	116.81136	116.42781	116.06078	115.72895	115.3206	114.79378	114.14395	113.52494	113.1169	113.10377	113.38353	113.76068	114.13548	114.155	113.80331	113.66644	113.77651	113.74701	113.65594	113.69455	113.53332	113.10347	112.77436	112.80716	112.92108	113.39321	114.41451	115.71453	116.95434	118.00548	118.47821	118.57248	118.57931	118.50527	118.45075	118.61386	118.60093	118.13314	117.49352	117.00859	116.87678	116.70966	116.88485	PASSED
	2	80.03215	80.51912	81.06631	82.0783	83.19041	84.39648	85.63481	86.88179	88.18258	89.62555	91.1077	92.48837	93.81306	95.02739	96.15415	97.23579	98.33635	99.53969	100.75396	102.02466	103.30934	104.5891	105.8791	107.20602	108.49144	109.73097	110.92596	112.0844	113.16714	114.22285	115.16879	116.03199	116.76241	117.37526	117.83996	118.15195	118.25076	118.16841	117.97498	117.72216	117.48864	117.31927	117.16785	116.96638	116.66457	116.2908	115.94038	115.6148	115.19707	114.65803	114.02029	113.39894	112.99543	112.99608	113.27361	113.62623	114.00729	114.02565	113.69268	113.58095	113.69906	113.64743	113.53901	113.5652	113.39956	112.98481	112.67542	112.73028	112.84047	113.30094	114.2909	115.59031	116.8766	117.96814	118.47383	118.61049	118.65555	118.59034	118.54421	118.73323	118.75762	118.27564	117.57949	117.0805	116.93251	116.70367	116.88799	PASSED
	3	80.18686	80.66704	81.21727	82.21483	83.32283	84.53307	85.77766	87.02429	88.32786	89.76198	91.24316	92.62729	93.95184	95.16813	96.3021	97.38209	98.47831	99.68867	100.91074	102.18866	103.48265	104.77024	106.06035	107.37801	108.64846	109.87455	111.05941	112.20943	113.28664	114.33796	115.27493	116.12822	116.8449	117.44441	117.89711	118.20039	118.289	118.19719	117.99461	117.73082	117.49378	117.32303	117.17079	116.97245	116.6781	116.30054	115.94845	115.62457	115.2051	114.65411	114.01239	113.39408	112.99076	112.99529	113.283	113.64023	114.01621	114.02802	113.69033	113.59207	113.7047	113.61595	113.56034	113.59478	113.41947	113.01252	112.75735	112.76355	112.85716	113.27589	114.23538	115.53343	116.80777	117.89969	118.4136	118.57058	118.63896	118.61117	118.58598	118.80364	118.84977	118.34292	117.60487	117.07853	116.88574	116.60746	116.77436	PASSED
	4	80.09191	80.55347	81.09287	82.08953	83.18955	84.40169	85.64283	86.8849	88.18029	89.61807	91.11839	92.50699	93.83911	95.06118	96.1953	97.26939	98.368	99.57384	100.79021	102.06063	103.345	104.6236	105.91041	107.23395	108.51827	109.75505	110.94907	112.1072	113.18922	114.24508	115.19213	116.05766	116.79102	117.40563	117.87369	118.18866	118.28816	118.20397	118.01129	117.75572	117.52573	117.35651	117.20679	117.00682	116.7058	116.32406	115.97218	115.64874	115.2347	114.69281	114.05046	113.43004	113.02194	113.01567	113.30975	113.68658	114.06904	114.09569	113.76942	113.65327	113.76832	113.73485	113.63475	113.65572	113.48588	113.05796	112.73945	112.78548	112.89067	113.33671	114.32506	115.61172	116.84995	117.89995	118.38249	118.51766	118.58654	118.58166	118.58962	118.83142	118.91495	118.43615	117.6466	117.01963	116.75058	116.36902	116.40163	PASSED
	5	80.10237	80.56623	81.11616	82.12022	83.22649	84.43624	85.69034	86.93506	88.22808	89.66093	91.16001	92.54664	93.87859	95.10153	96.23839	97.31389	98.40998	99.61513	100.83425	102.10796	103.39675	104.68096	105.96532	107.27299	108.53166	109.73947	110.90646	112.05067	113.13059	114.19124	115.14663	116.0189	116.7536	117.36707	117.83189	118.1437	118.24059	118.15407	117.95709	117.70111	117.47082	117.30331	117.15455	116.9569	116.65997	116.27869	115.92413	115.59729	115.17834	114.62663	113.98795	113.37116	112.9632	112.97097	113.25858	113.60836	113.98637	114.00698	113.6723	113.56296	113.685	113.62151	113.55917	113.57553	113.39403	112.96935	112.67447	112.68074	112.80024	113.26428	114.25553	115.54842	116.80126	117.8853	118.38235	118.53208	118.60852	118.59646	118.55491	118.775	118.86228	118.39245	117.64392	117.09856	116.8654	116.51198	116.57874	PASSED
	6	79.88905	80.36407	80.90317	81.90864	83.01256	84.21063	85.45687	86.70677	87.9963	89.42783	90.91654	92.29307	93.61732	94.83741	95.96844	97.04508	98.14073	99.34131	100.55485	101.82271	103.10437	104.38367	105.67015	106.98909	108.26304	109.4811	110.6447	111.78047	112.86145	113.94144	114.928	115.84653	116.63361	117.2969	117.80177	118.14685	118.26794	118.20157	118.01997	117.77064	117.54336	117.37815	117.22695	117.02327	116.724	116.33933	115.98212	115.65234	115.22964	114.67507	114.03086	113.40845	112.99925	112.99518	113.27399	113.62407	113.99531	114.00555	113.65731	113.53904	113.65976	113.61028	113.53439	113.5692	113.40865	112.98409	112.67232	112.69079	112.79282	113.24379	114.23445	115.50719	116.76615	117.85001	118.34675	118.49757	118.60144	118.62942	118.66738	118.92418	118.99107	118.50041	117.72433	117.1086	116.87546	116.55644	116.67432	PASSED
	7	80.303	80.74024	81.30438	82.31679	83.41848	84.63242	85.89297	87.12296	88.40562	89.82913	91.33294	92.72576	94.06448	95.2942	96.44055	97.52045	98.62133	99.82871	101.05236	102.32842	103.62241	104.91305	106.20751	107.52723	108.80032	110.02528	111.21161	112.36811	113.45001	114.50308	115.44401	116.29445	117.00398	117.5926	118.03114	118.31507	118.38701	118.28066	118.06526	117.79345	117.54585	117.36636	117.20776	117.00371	116.6991	116.32793	115.97867	115.66124	115.25533	114.71879	114.06749	113.44562	113.03815	113.02902	113.32954	113.70717	114.08791	114.11836	113.793	113.67914	113.81358	113.78606	113.65122	113.66931	113.48362	113.04357	112.72541	112.80795	112.91084	113.32803	114.25242	115.50719	116.79586	117.89198	118.41527	118.59968	118.68409	118.61294	118.546	118.73796	118.77379	118.2677	117.5488	117.03673	116.81645	116.51187	116.65014	PASSED
	8	79.97234	80.4404	80.99817	81.99802	83.06999	84.312	85.55381	86.78604	88.06702	89.51084	91.00219	92.39431	93.73117	94.96334	96.09804	97.16824	98.26366	99.46696	100.67746	101.94803	103.23524	104.51554	105.80269	107.12144	108.39634	109.61483	110.77557	111.89276	112.94649	113.98932	114.9357	115.81433	116.5747	117.21761	117.71055	118.04864	118.16863	118.10106	117.91918	117.6701	117.44244	117.27738	117.1284	116.92966	116.63095	116.26042	115.90908	115.58732	115.17403	114.62189	113.9629	113.34057	112.92158	112.91498	113.22342	113.60174	113.99027	114.01768	113.68711	113.57073	113.68813	113.626	113.51831	113.53503	113.35104	112.91142	112.60205	112.66275	112.79473	113.29384	114.31549	115.60991	116.85539	117.92079	118.39612	118.51838	118.55641	118.48752	118.43641	118.61265	118.56175	118.02169	117.33271	116.8354	116.6998	116.53614	116.78586	PASSED
	9	80.32602	80.78986	81.32305	82.31895	83.42139	84.63327	85.88261	87.13689	88.44472	89.89021	91.37271	92.75767	94.08582	95.30522	96.44087	97.52362	98.62864	99.8446	101.06889	102.34607	103.6432	104.9345	106.23275	107.56728	108.86141	110.10652	111.30426	112.46235	113.53868	114.58158	115.50895	116.34565	117.04554	117.62562	118.05572	118.33477	118.4024	118.29058	118.07147	117.79338	117.54339	117.3637	117.2069	117.00169	116.70074	116.32927	115.97843	115.6564	115.24319	114.69269	114.03991	113.42461	113.01719	113.0157	113.31216	113.69278	114.07802	114.10448	113.77296	113.67375	113.77159	113.70576	113.59261	113.62273	113.4455	113.0376	112.75031	112.81026	112.90436	113.30762	114.22963	115.47364	116.70902	117.77914	118.29093	118.46762	118.55426	118.52948	118.5015	118.67436	118.64718	118.11119	117.39307	116.90693	116.80986	116.62518	116.85878	PASSED
	10	79.86828	80.33074	80.87383	81.87593	82.98765	84.19592	85.44019	86.6802	87.97711	89.40959	90.88335	92.26593	93.59358	94.81219	95.94255	97.01839	98.10949	99.3078	100.51313	101.77649	103.05829	104.33575	105.62297	106.94811	108.23723	109.48427	110.68797	111.85192	112.94312	114.01766	114.9874	115.883	116.65213	117.30746	117.81409	118.16677	118.29913	118.24703	118.07716	117.83903	117.61531	117.44926	117.29348	117.08859	116.78414	116.4041	116.04653	115.72075	115.30154	114.74246	114.08518	113.46698	113.05548	113.04905	113.33941	113.71037	114.08789	114.09869	113.76601	113.66204	113.75634	113.68233	113.59781	113.61701	113.44082	113.04235	112.74985	112.77589	112.87684	113.31367	114.28253	115.58003	116.89585	118.01285	118.53235	118.70156	118.80485	118.77308	118.72049	118.94626	119.0606	118.61514	117.85775	117.26668	116.93835	116.51769	116.46761	PASSED

## NTI impedance
Impedance response	Sample 	100.00Hz	106.00Hz	112.00Hz	118.00Hz	125.00Hz	132.00Hz	140.00Hz	150.00Hz	160.00Hz	170.00Hz	180.00Hz	190.00Hz	200.00Hz	212.00Hz	224.00Hz	236.00Hz	250.00Hz	265.00Hz	280.00Hz	300.00Hz	315.00Hz	335.00Hz	355.00Hz	375.00Hz	400.00Hz	425.00Hz	450.00Hz	475.00Hz	500.00Hz	530.00Hz	560.00Hz	600.00Hz	630.00Hz	670.00Hz	710.00Hz	750.00Hz	800.00Hz	850.00Hz	900.00Hz	950.00Hz	1000.00Hz	1060.00Hz	1120.00Hz	1180.00Hz	1250.00Hz	1320.00Hz	1400.00Hz	1500.00Hz	1600.00Hz	1700.00Hz	1800.00Hz	1900.00Hz	2000.00Hz	2120.00Hz	2240.00Hz	2360.00Hz	2500.00Hz	2650.00Hz	2800.00Hz	3000.00Hz	3150.00Hz	3350.00Hz	3550.00Hz	3750.00Hz	4000.00Hz	4250.00Hz	4500.00Hz	4750.00Hz	5000.00Hz	5300.00Hz	5600.00Hz	6000.00Hz	6300.00Hz	6700.00Hz	7100.00Hz	7500.00Hz	8000.00Hz	8500.00Hz	9000.00Hz	9500.00Hz	10000.00Hz	10600.00Hz	11200.00Hz	11800.00Hz	12500.00Hz	13200.00Hz	14000.00Hz	Result
	Spec	6.73795	6.79202	6.83994	6.87732	6.91126	6.94478	6.98246	7.02261	7.04975	7.07565	7.09892	7.11728	7.13494	7.15552	7.18051	7.19359	7.21555	7.24249	7.26142	7.29362	7.31751	7.35535	7.39719	7.44681	7.51662	7.60341	7.70597	7.82765	7.96476	8.14915	8.33512	8.54618	8.6541	8.68128	8.60116	8.445	8.20958	7.98685	7.80307	7.66027	7.55522	7.46726	7.41035	7.37326	7.34711	7.33095	7.32376	7.31982	7.32461	7.33221	7.34227	7.35408	7.36783	7.38608	7.40663	7.42969	7.45862	7.49106	7.52546	7.56973	7.60432	7.65225	7.7032	7.75547	7.83031	7.89905	7.96847	8.03949	8.1111	8.20251	8.29772	8.42565	8.52765	8.64613	8.75048	8.86223	9.02152	9.19103	9.36298	9.53425	9.70631	9.91523	10.12547	10.33107	10.56033	10.7995	11.07394	PASSED
	1	6.36229	6.42934	6.477	6.51561	6.55698	6.58991	6.62426	6.65769	6.68816	6.71424	6.73938	6.7649	6.78827	6.80419	6.82502	6.84426	6.86938	6.89458	6.92289	6.95818	6.98629	7.03166	7.08487	7.13882	7.22472	7.32364	7.43433	7.55433	7.67542	7.82098	7.95333	8.09195	8.14878	8.13379	8.04636	7.91687	7.72907	7.55164	7.4007	7.28153	7.18941	7.11099	7.05784	7.02317	6.99835	6.98363	6.97303	6.97093	6.9754	6.98483	6.99631	7.00892	7.02185	7.04264	7.06341	7.08756	7.11666	7.14855	7.18134	7.22945	7.26607	7.31712	7.36851	7.42307	7.50219	7.57535	7.65129	7.72863	7.80838	7.90722	8.0108	8.13494	8.22641	8.33887	8.46059	8.59176	8.76582	8.94343	9.12428	9.30596	9.49004	9.71221	9.93259	10.14982	10.40348	10.66084	10.95363	PASSED
	2	6.40071	6.46557	6.51455	6.55638	6.59422	6.63	6.66406	6.70078	6.72948	6.75307	6.77723	6.79745	6.81594	6.84055	6.86239	6.88019	6.90303	6.92586	6.95151	6.98991	7.0229	7.06695	7.11881	7.17611	7.26122	7.36076	7.47246	7.59761	7.72843	7.88475	8.02553	8.14766	8.18678	8.15306	8.05096	7.90964	7.71852	7.54655	7.4027	7.2903	7.20597	7.13415	7.08583	7.05483	7.03082	7.01772	7.00931	7.00744	7.01303	7.02235	7.03403	7.04706	7.06166	7.08067	7.10282	7.12555	7.15657	7.18793	7.22371	7.27186	7.30864	7.35823	7.41071	7.46449	7.54322	7.61607	7.69265	7.76898	7.84686	7.94564	8.0485	8.17486	8.26887	8.38288	8.50344	8.63291	8.80666	8.98655	9.16834	9.35059	9.53697	9.75995	9.98099	10.1977	10.45573	10.71392	11.00966	PASSED
	3	6.39603	6.4544	6.50627	6.54531	6.59005	6.62354	6.65754	6.69124	6.7225	6.74944	6.7748	6.79789	6.81522	6.83701	6.86596	6.88733	6.90973	6.94225	6.96604	7.00195	7.03218	7.0797	7.13031	7.19284	7.28444	7.38761	7.50031	7.62544	7.7583	7.91503	8.05259	8.16892	8.202	8.15914	8.05031	7.9049	7.71417	7.54102	7.39811	7.28705	7.20119	7.13123	7.08248	7.05142	7.0282	7.01471	7.00758	7.00566	7.01088	7.01971	7.03098	7.04351	7.05765	7.07877	7.10011	7.12282	7.15276	7.18642	7.22215	7.27037	7.30825	7.35796	7.41128	7.46407	7.54249	7.61333	7.68706	7.76484	7.84344	7.94182	8.04613	8.17585	8.27198	8.38456	8.50112	8.63122	8.80439	8.98552	9.16793	9.3504	9.53476	9.75839	9.97885	10.19675	10.45227	10.70918	11.00556	PASSED
	4	6.36261	6.42753	6.47512	6.52062	6.55854	6.59532	6.62494	6.66131	6.69027	6.71631	6.74072	6.76209	6.77877	6.7992	6.82563	6.84435	6.86549	6.89106	6.91747	6.9544	6.98353	7.02902	7.08273	7.14239	7.22644	7.32678	7.44265	7.56836	7.69965	7.8553	7.99309	8.11272	8.15238	8.12159	8.0186	7.87824	7.68784	7.51299	7.36878	7.25483	7.16907	7.09663	7.04833	7.01549	6.99058	6.9774	6.97014	6.96894	6.97348	6.98265	6.99287	7.00556	7.01959	7.03988	7.06159	7.08505	7.1155	7.14763	7.18174	7.22977	7.26526	7.31603	7.36961	7.42368	7.50163	7.57489	7.65052	7.72735	7.80547	7.9049	8.00817	8.13752	8.2323	8.34582	8.46548	8.59589	8.76677	8.94522	9.12582	9.30728	9.49154	9.71542	9.93744	10.15494	10.40993	10.66497	10.95899	PASSED
	5	6.38003	6.43971	6.49052	6.5319	6.57112	6.60645	6.63688	6.67516	6.70065	6.72802	6.75178	6.77279	6.79187	6.81242	6.83315	6.85395	6.88111	6.90865	6.93324	6.96888	6.99841	7.04435	7.09688	7.15609	7.2469	7.34822	7.46035	7.57548	7.70189	7.85712	7.99538	8.11584	8.15338	8.1169	8.01493	7.87728	7.68677	7.51523	7.37365	7.26065	7.17541	7.10528	7.05771	7.02418	7.00163	6.98844	6.98045	6.97914	6.9845	6.99317	7.00439	7.01654	7.03029	7.05005	7.07161	7.09451	7.12351	7.15611	7.19077	7.24045	7.278	7.32899	7.38075	7.43312	7.51142	7.58202	7.6564	7.73299	7.81129	7.91006	8.01385	8.14045	8.23607	8.35112	8.47036	8.6	8.77305	8.95256	9.13574	9.31943	9.50488	9.72983	9.95132	10.17025	10.42525	10.68185	10.98039	PASSED
	6	6.36269	6.4286	6.47583	6.51544	6.55925	6.59112	6.62382	6.66109	6.69022	6.71861	6.74306	6.76296	6.7851	6.81188	6.83205	6.85161	6.87555	6.89951	6.92621	6.96294	6.99226	7.03506	7.0851	7.14175	7.22561	7.32025	7.42824	7.54193	7.6574	7.80085	7.94126	8.08006	8.1346	8.12043	8.03253	7.90173	7.71453	7.54031	7.39484	7.27958	7.19048	7.11569	7.06317	7.0301	7.00361	6.9886	6.97929	6.97655	6.98102	6.99038	7.00044	7.01029	7.02556	7.0476	7.06783	7.09068	7.11946	7.15129	7.18644	7.23529	7.27188	7.32254	7.37486	7.42841	7.5063	7.57921	7.65449	7.73127	7.80853	7.907	8.00972	8.13783	8.23211	8.34572	8.46746	8.59583	8.7688	8.94786	9.13131	9.31437	9.49854	9.72219	9.94374	10.15967	10.4145	10.67216	10.97043	PASSED
	7	6.36111	6.42274	6.47097	6.51184	6.55324	6.58672	6.61752	6.65103	6.68848	6.71761	6.73866	6.7613	6.7783	6.80137	6.82153	6.84612	6.8642	6.89272	6.92214	6.95921	6.98565	7.03592	7.08967	7.15054	7.24103	7.34901	7.46762	7.5957	7.73458	7.8979	8.03898	8.15592	8.1867	8.13455	8.01411	7.86125	7.66022	7.48283	7.33973	7.22804	7.144	7.07618	7.02924	6.99863	6.97659	6.96581	6.95834	6.9574	6.96567	6.97576	6.98971	7.003	7.01629	7.03686	7.05687	7.08078	7.10979	7.1425	7.17653	7.22345	7.2592	7.31065	7.36327	7.41774	7.49614	7.56858	7.64248	7.71707	7.79353	7.89212	7.99507	8.1246	8.22221	8.33952	8.45648	8.58295	8.75574	8.93413	9.1153	9.29762	9.48168	9.70394	9.925	10.143	10.39703	10.65317	10.94902	PASSED
	8	6.48162	6.5292	6.57573	6.61354	6.65047	6.68187	6.71188	6.74662	6.77591	6.79768	6.82309	6.84188	6.86263	6.88373	6.90548	6.92456	6.94777	6.97433	7.0009	7.03686	7.06821	7.11256	7.16566	7.2245	7.31032	7.41173	7.52075	7.64123	7.76423	7.90675	8.04231	8.16892	8.21595	8.1926	8.10374	7.97261	7.78557	7.61283	7.46669	7.3519	7.2635	7.18942	7.13794	7.10256	7.07746	7.0638	7.05283	7.05257	7.05478	7.06243	7.07343	7.08476	7.09743	7.11883	7.13968	7.16276	7.19341	7.22569	7.25865	7.30535	7.34107	7.39244	7.44472	7.49877	7.5793	7.65231	7.72656	7.80114	7.87936	7.97768	8.07991	8.20397	8.29537	8.41014	8.5297	8.6598	8.83133	9.01007	9.19128	9.37279	9.55739	9.77996	9.99976	10.21786	10.47121	10.72841	11.02391	PASSED
	9	6.39173	6.45638	6.50696	6.54597	6.58561	6.61818	6.653	6.68748	6.7184	6.7459	6.76863	6.79217	6.80829	6.83296	6.85299	6.87543	6.90518	6.93185	6.95212	6.9918	7.02313	7.07374	7.12772	7.18756	7.27835	7.38691	7.51027	7.64532	7.78605	7.95153	8.09242	8.20916	8.23633	8.17731	8.05628	7.89822	7.69565	7.51721	7.3723	7.25974	7.17612	7.10819	7.06267	7.03196	7.01011	6.99961	6.99317	6.99285	6.99862	7.00934	7.02048	7.03403	7.0475	7.06836	7.09173	7.1154	7.14496	7.17848	7.21298	7.26061	7.29632	7.34787	7.40117	7.45468	7.5346	7.60756	7.68237	7.75867	7.83678	7.93502	8.03805	8.1665	8.26413	8.37949	8.49917	8.62816	8.79936	8.97707	9.15809	9.34031	9.52506	9.74834	9.96902	10.18847	10.44205	10.69974	10.99378	PASSED
	10	6.45772	6.52018	6.56806	6.60847	6.6504	6.68324	6.71457	6.75134	6.78552	6.81345	6.83146	6.85525	6.87352	6.89753	6.91778	6.93635	6.95782	6.98472	7.01064	7.04893	7.08053	7.12243	7.17401	7.22954	7.31505	7.41068	7.52163	7.64783	7.78075	7.93629	8.07428	8.20675	8.26054	8.24901	8.16154	8.02917	7.83983	7.65999	7.50762	7.38662	7.29217	7.21296	7.15941	7.12377	7.09679	7.08084	7.07095	7.06909	7.07359	7.079	7.08957	7.10197	7.11548	7.13519	7.15699	7.17947	7.20885	7.24232	7.27689	7.32566	7.36369	7.41424	7.46516	7.51899	7.59767	7.6698	7.74526	7.82285	7.90103	7.99827	8.10178	8.23197	8.32932	8.44475	8.56288	8.6905	8.86223	9.0421	9.22522	9.40764	9.5913	9.8152	10.0385	10.25422	10.50841	10.76507	11.05958	PASSED

## NTI F0
Resonance frequencies	Sample 	f0[1]	Result f0[1]	Overall Resonance Freq. Result
	Spec	657.76844	PASSED	PASSED
	1	644.15718	PASSED	PASSED
	2	638.09941	PASSED	PASSED
	3	633.13004	PASSED	PASSED
	4	638.15241	PASSED	PASSED
	5	637.36238	PASSED	PASSED
	6	644.22457	PASSED	PASSED
	7	629.61067	PASSED	PASSED
	8	645.04572	PASSED	PASSED
	9	627.47296	PASSED	PASSED
	10	643.01126	PASSED	PASSED

## NTI THD
Dist#1 Harmonics 2|3 [%]	Sample 	100.00Hz	106.00Hz	112.00Hz	118.00Hz	125.00Hz	132.00Hz	140.00Hz	150.00Hz	160.00Hz	170.00Hz	180.00Hz	190.00Hz	200.00Hz	212.00Hz	224.00Hz	236.00Hz	250.00Hz	265.00Hz	280.00Hz	300.00Hz	315.00Hz	335.00Hz	355.00Hz	375.00Hz	400.00Hz	425.00Hz	450.00Hz	475.00Hz	500.00Hz	530.00Hz	560.00Hz	600.00Hz	630.00Hz	670.00Hz	710.00Hz	750.00Hz	800.00Hz	850.00Hz	900.00Hz	950.00Hz	1000.00Hz	1060.00Hz	1120.00Hz	1180.00Hz	1250.00Hz	1320.00Hz	1400.00Hz	1500.00Hz	1600.00Hz	1700.00Hz	1800.00Hz	1900.00Hz	2000.00Hz	2120.00Hz	2240.00Hz	2360.00Hz	2500.00Hz	2650.00Hz	2800.00Hz	3000.00Hz	3150.00Hz	3350.00Hz	3550.00Hz	3750.00Hz	4000.00Hz	4250.00Hz	4500.00Hz	4750.00Hz	5000.00Hz	5300.00Hz	5600.00Hz	6000.00Hz	6300.00Hz	6700.00Hz	7100.00Hz	7500.00Hz	8000.00Hz	8500.00Hz	9000.00Hz	9500.00Hz	10000.00Hz	10600.00Hz	11200.00Hz	11800.00Hz	12500.00Hz	13200.00Hz	14000.00Hz	Result
	Spec	27.58994	27.72197	27.81285	28.03101	28.28816	28.87302	29.64947	30.29792	30.71695	31.26879	31.63881	31.73036	31.41967	30.6592	29.45295	27.88298	26.07621	24.22177	22.17157	19.51984	17.70232	15.62376	13.87063	12.41331	11.00539	9.93826	9.08541	8.37719	7.75915	7.14883	6.68516	6.27236	6.04281	5.71453	5.34194	4.9709	4.48357	4.04722	3.69343	3.37476	3.04507	2.63394	2.29754	2.02015	1.71241	1.50856	1.35568	1.19047	1.05713	0.9749	0.91669	0.8471	0.77721	0.7164	0.67782	0.64644	0.59459	0.51777	0.44067	0.37989	0.3644	0.35655	0.34687	0.33721	0.33754	0.39349	0.4831	0.56278	0.64815	0.70887	0.7062	0.74401	0.76233	0.74847	0.67459	0.57164	0.45866	0.3417	0.27427	0.25381	0.21189	0.16354	0.13667	0.1312	0.13733	0.13742	0.14107	PASSED
	1	38.0396	38.2785	38.51748	38.77624	39.13237	39.86971	40.65167	41.20402	41.39412	41.58692	41.51828	41.13037	40.42935	39.16021	37.49472	35.50437	33.16463	30.80981	28.40051	25.35745	23.29892	20.84547	18.6287	16.66309	14.69236	13.19255	11.99972	11.00689	10.14187	9.21871	8.46632	7.78785	7.44196	7.05053	6.60903	6.14044	5.49298	4.90365	4.44318	4.04762	3.67998	3.23083	2.85218	2.55224	2.22274	1.99004	1.82384	1.6464	1.51687	1.41329	1.31977	1.21035	1.0947	0.9757	0.85451	0.74016	0.63609	0.51048	0.39514	0.29716	0.26281	0.25497	0.28926	0.36586	0.45565	0.53879	0.62772	0.67816	0.7184	0.73908	0.75129	0.7064	0.64996	0.57893	0.47389	0.35867	0.2795	0.23403	0.20519	0.17916	0.16542	0.15299	0.13938	0.13956	0.14162	0.13959	0.13323	PASSED
	2	36.14112	36.35935	36.55501	36.80551	37.21744	38.00722	38.95387	39.76873	40.27839	40.76004	40.90128	40.69616	40.06652	38.72093	36.91952	34.71179	32.12951	29.4952	26.80304	23.57189	21.42491	19.00815	16.99617	15.32533	13.74775	12.58325	11.69343	10.92351	10.20786	9.42012	8.77716	8.13122	7.7472	7.25746	6.72534	6.18512	5.50216	4.90516	4.43621	4.02255	3.63669	3.18448	2.80114	2.49941	2.1625	1.93142	1.768	1.59215	1.4612	1.3582	1.26339	1.15535	1.04142	0.92559	0.80967	0.70134	0.61871	0.51861	0.40978	0.32917	0.3071	0.31975	0.36163	0.43265	0.49607	0.52854	0.57841	0.62657	0.66205	0.66803	0.65963	0.6246	0.58141	0.53177	0.45801	0.37048	0.29156	0.24235	0.21679	0.19174	0.16817	0.14872	0.13336	0.1332	0.13525	0.13565	0.13176	PASSED
	3	31.3159	31.42847	31.5822	31.76805	32.07514	32.64039	33.25838	33.69085	33.82848	33.95548	33.84641	33.51649	32.92453	31.75222	30.22379	28.37039	26.20234	24.08955	22.00248	19.53448	17.87856	15.94772	14.32615	12.97148	11.76886	10.94716	10.32333	9.76835	9.18141	8.48911	7.8978	7.33674	7.02311	6.59899	6.14635	5.6882	5.0993	4.59252	4.1982	3.84938	3.49807	3.07889	2.72199	2.43673	2.10944	1.88762	1.72564	1.54947	1.41575	1.31986	1.22892	1.12539	1.01553	0.90231	0.78829	0.68151	0.58023	0.46554	0.35577	0.26518	0.22891	0.22544	0.25378	0.31891	0.38963	0.44919	0.51822	0.57065	0.6157	0.65713	0.66876	0.64681	0.61239	0.56593	0.48869	0.39787	0.31758	0.26142	0.22283	0.19554	0.17459	0.15207	0.13514	0.13382	0.13765	0.13912	0.13635	PASSED
	4	35.80082	35.89991	36.14995	36.41274	36.86141	37.72368	38.74284	39.64462	40.19534	40.74324	41.01132	40.821	40.19519	38.78749	36.8385	34.43021	31.54045	28.64085	25.70075	22.162	19.84103	17.27347	15.21037	13.56638	12.12526	11.14964	10.41685	9.78337	9.19199	8.52829	7.97944	7.41041	7.0717	6.63801	6.18671	5.7476	5.17823	4.6659	4.26926	3.91881	3.57716	3.15227	2.79614	2.50386	2.17001	1.94044	1.77554	1.59763	1.46167	1.35551	1.26217	1.15068	1.03593	0.9226	0.80713	0.69606	0.58852	0.46218	0.34669	0.26129	0.23996	0.24817	0.27979	0.33459	0.39241	0.44872	0.5207	0.57587	0.61517	0.63317	0.6342	0.60049	0.56995	0.53206	0.46142	0.37544	0.29596	0.24393	0.2111	0.18649	0.17078	0.15002	0.13447	0.13453	0.13693	0.13792	0.13624	PASSED
	5	32.73158	32.87314	32.95688	33.15206	33.46408	34.12771	34.91257	35.48708	35.67335	35.8288	35.7717	35.48363	34.85399	33.65716	32.0208	29.95132	27.56327	25.20475	22.87606	20.09713	18.26163	16.18261	14.39268	12.93384	11.63785	10.76743	10.12026	9.55401	9.00642	8.37057	7.79325	7.25903	6.96017	6.579	6.15416	5.71506	5.13947	4.62989	4.22761	3.88399	3.54551	3.12303	2.76595	2.47632	2.14936	1.92478	1.76176	1.59049	1.45886	1.35922	1.2671	1.16039	1.04976	0.93602	0.82064	0.70887	0.60698	0.50257	0.38863	0.29624	0.26224	0.25513	0.27976	0.3411	0.41088	0.45923	0.51322	0.56291	0.60087	0.6304	0.63085	0.61673	0.58605	0.54175	0.46675	0.37787	0.29903	0.24843	0.21782	0.19799	0.17296	0.14824	0.13137	0.1301	0.13337	0.13523	0.13512	PASSED
	6	35.83761	36.05449	36.26109	36.52886	36.87045	37.59204	38.42724	39.07954	39.41456	39.76877	39.88724	39.68269	39.10406	37.95359	36.40503	34.48065	32.27004	30.04003	27.69204	24.77534	22.80588	20.48979	18.46062	16.64503	14.8073	13.4017	12.29334	11.34723	10.49454	9.57743	8.83627	8.14665	7.78499	7.37808	6.90525	6.38097	5.67362	5.03625	4.53131	4.1037	3.71043	3.24706	2.85175	2.53867	2.19393	1.95803	1.78254	1.59445	1.44447	1.32779	1.22724	1.11771	1.00371	0.88945	0.77521	0.66797	0.56497	0.44823	0.34221	0.25849	0.23128	0.23526	0.26811	0.33034	0.38712	0.43337	0.49356	0.54269	0.58717	0.61112	0.60469	0.57801	0.54496	0.51067	0.45079	0.37377	0.29672	0.24318	0.21388	0.19449	0.17319	0.15098	0.13568	0.13478	0.13779	0.14	0.13912	PASSED
	7	33.37323	33.5151	33.65816	33.83758	34.19222	34.92675	35.8023	36.49814	36.64973	36.84227	36.78213	36.40706	35.73157	34.3824	32.56197	30.36995	27.7579	25.29629	22.88314	19.99569	18.1534	16.04844	14.30688	12.8943	11.65629	10.85556	10.2563	9.72212	9.17639	8.51779	7.95414	7.38196	7.05796	6.61982	6.14457	5.66471	5.06479	4.54826	4.14535	3.78754	3.44207	3.01559	2.65793	2.36996	2.04743	1.81833	1.65423	1.47965	1.34466	1.24377	1.15827	1.06095	0.95874	0.8545	0.75201	0.65492	0.55604	0.447	0.33909	0.26134	0.24801	0.27728	0.32255	0.38229	0.43605	0.47062	0.51835	0.56567	0.60281	0.5995	0.59353	0.56334	0.53156	0.49687	0.44727	0.38573	0.32141	0.27409	0.24464	0.20592	0.17748	0.15407	0.1387	0.13948	0.14138	0.14033	0.13765	PASSED
	8	32.60576	32.84009	33.10491	33.35206	33.71975	34.47042	35.3338	35.96136	36.16794	36.33971	36.21831	35.7589	34.9931	33.63913	31.92369	29.80084	27.37362	25.01809	22.65523	19.86007	18.05181	16.04408	14.39336	13.05444	11.88367	11.05513	10.40727	9.83623	9.26775	8.60928	8.04484	7.44008	7.06705	6.57699	6.10974	5.68231	5.14248	4.6721	4.31203	3.98467	3.6537	3.23225	2.87558	2.57587	2.23068	1.99228	1.82417	1.64624	1.51531	1.41131	1.31902	1.21219	1.09924	0.98156	0.85903	0.7447	0.6403	0.51687	0.40176	0.30435	0.26817	0.27911	0.33373	0.42752	0.52575	0.61395	0.70906	0.76784	0.81038	0.82809	0.81775	0.75827	0.69234	0.60846	0.49354	0.36917	0.28128	0.23562	0.21287	0.18926	0.16881	0.15181	0.14212	0.14356	0.14516	0.14396	0.13813	PASSED
	9	33.53946	33.78425	34.09787	34.43594	34.91312	35.85104	36.94534	37.91253	38.4147	38.8134	38.85668	38.44053	37.59263	36.01314	33.93954	31.4688	28.59394	25.76837	22.97037	19.70043	17.6179	15.36351	13.53365	12.09233	10.874	10.06765	9.46921	8.94911	8.45248	7.8842	7.41785	6.97805	6.71075	6.31735	5.87283	5.43242	4.87735	4.39429	4.01748	3.67045	3.33142	2.92266	2.58404	2.30874	1.9902	1.77046	1.60827	1.43373	1.30182	1.2036	1.12108	1.02369	0.92101	0.81756	0.71458	0.6211	0.53001	0.42312	0.31317	0.22796	0.1991	0.19927	0.2341	0.30106	0.36194	0.40772	0.47173	0.53659	0.58494	0.62255	0.63776	0.60976	0.56788	0.52694	0.46832	0.39668	0.31907	0.26378	0.22354	0.19262	0.17158	0.1541	0.13917	0.13869	0.13881	0.13773	0.13385	PASSED
	10	33.75313	33.83531	33.88864	34.03358	34.26757	34.76404	35.40896	35.83886	35.95196	36.05584	35.95172	35.59213	34.96004	33.87742	32.49202	30.62211	28.4381	26.22695	24.0393	21.43236	19.7262	17.74532	16.01146	14.56671	13.25909	12.33374	11.58401	10.90228	10.24657	9.50652	8.85793	8.17118	7.73571	7.17834	6.61899	6.10374	5.47298	4.91531	4.48145	4.09614	3.72424	3.27897	2.89743	2.59034	2.24758	2.01092	1.84492	1.66415	1.52082	1.41098	1.31339	1.20393	1.08914	0.97258	0.85441	0.73693	0.62288	0.50589	0.40039	0.30097	0.26586	0.26001	0.28117	0.33571	0.40098	0.45791	0.52379	0.56995	0.62018	0.64903	0.64325	0.63091	0.59502	0.55183	0.47587	0.37917	0.29576	0.23614	0.2062	0.19126	0.16627	0.15184	0.1365	0.13689	0.14092	0.14218	0.14145	PASSED
