## Sheet1
〔b〕RESULT CHECK FUNCTION OF LOT TEST AWF COOLING TIME															
〔bg=#B7DEE8,b〕Date	〔bg=#B7DEE8,b〕Type	〔bg=#B7DEE8,b〕Input 	〔bg=#B7DEE8,b〕OK 	〔bg=#B7DEE8,b〕Sigma 				〔bg=#B7DEE8,b〕Hearing  ( + 1V ) 				〔bg=#B7DEE8,b〕Hearing  ( + 0V ) 			
				〔bg=#B7DEE8,b〕SPL 	〔bg=#B7DEE8,b〕THD 	〔bg=#B7DEE8,b〕SPL+THD 	〔bg=#B7DEE8,b〕SPL+THD+F0	〔bg=#B7DEE8,b〕Noise 	〔bg=#B7DEE8,b〕Touch 	〔bg=#B7DEE8,b〕Total NG	〔bg=#B7DEE8,b〕NG Rate	〔bg=#B7DEE8,b〕Noise 	〔bg=#B7DEE8,b〕Touch 	〔bg=#B7DEE8,b〕Total NG	〔bg=#B7DEE8,b〕NG Rate
13/Feb	Cooling time 4s	100	84	0	0	0	0	2	14	16	16.0%	2	0	2	2.0%
				〔fg=#FF0000〕0.0%	〔fg=#FF0000〕0.0%	〔fg=#FF0000〕0.0%	〔fg=#FF0000〕0.0%	〔fg=#FF0000〕12.5%	〔fg=#FF0000〕87.5%			〔fg=#FF0000〕100.0%	〔fg=#FF0000〕0.0%		
	Cooling time 8s	156	107	0	0	0	0	6	43	49	31.4%	2	4	6	3.8%
				〔fg=#FF0000〕0.0%	〔fg=#FF0000〕0.0%	〔fg=#FF0000〕0.0%	〔fg=#FF0000〕0.0%	〔fg=#FF0000〕12.2%	〔fg=#FF0000〕87.8%			〔fg=#FF0000〕33.3%	〔fg=#FF0000〕66.7%		
	Cooling time 10s	122	74	0	0	0	0	5	43	48	39.3%	3	4	7	5.7%
				〔fg=#FF0000〕0.0%	〔fg=#FF0000〕0.0%	〔fg=#FF0000〕0.0%	〔fg=#FF0000〕0.0%	〔fg=#FF0000〕10.4%	〔fg=#FF0000〕89.6%			〔fg=#FF0000〕42.9%	〔fg=#FF0000〕57.1%		

## Sheet2
Date	Time	Calendar Week	Projectname	Operator	Serialnumber	Frequency response [dBSPL]	100.00Hz	106.00Hz	112.00Hz	118.00Hz	125.00Hz	132.00Hz	140.00Hz	150.00Hz	160.00Hz	170.00Hz	180.00Hz	190.00Hz	200.00Hz	212.00Hz	224.00Hz	236.00Hz	250.00Hz	265.00Hz	280.00Hz	300.00Hz	315.00Hz	335.00Hz	355.00Hz	375.00Hz	400.00Hz	425.00Hz	450.00Hz	475.00Hz	500.00Hz	530.00Hz	560.00Hz	600.00Hz	630.00Hz	670.00Hz	710.00Hz	750.00Hz	800.00Hz	850.00Hz	900.00Hz	950.00Hz	1000.00Hz	1060.00Hz	1120.00Hz	1180.00Hz	1250.00Hz	1320.00Hz	1400.00Hz	1500.00Hz	1600.00Hz	1700.00Hz	1800.00Hz	1900.00Hz	2000.00Hz	2120.00Hz	2240.00Hz	2360.00Hz	2500.00Hz	2650.00Hz	2800.00Hz	3000.00Hz	3150.00Hz	3350.00Hz	3550.00Hz	3750.00Hz	4000.00Hz	4250.00Hz	4500.00Hz	4750.00Hz	5000.00Hz	5300.00Hz	5600.00Hz	6000.00Hz	6300.00Hz	6700.00Hz	7100.00Hz	7500.00Hz	8000.00Hz	8500.00Hz	9000.00Hz	9500.00Hz	10000.00Hz	10600.00Hz	11200.00Hz	11800.00Hz	12500.00Hz	13200.00Hz	14000.00Hz	Result
13-02-2025	9:43:35	7	MSU-L20S15-07	VINH GAUGE	Spec		79.24727	79.70641	80.26967	81.28747	82.42306	83.65648	84.95151	86.23164	87.50972	88.88545	90.41452	91.81232	93.14409	94.40097	95.56254	96.63126	97.73172	98.94379	100.1593	101.4469	102.7498	104.05184	105.37592	106.74713	108.09698	109.41428	110.69738	111.95867	113.15927	114.35324	115.43227	116.42702	117.27092	117.97265	118.48771	118.82405	118.91662	118.80724	118.56815	118.25681	117.95894	117.7276	117.51963	117.27002	116.92645	116.52152	116.14289	115.80511	115.37812	114.79926	114.11583	113.47663	113.04944	113.03773	113.35304	113.73731	114.13456	114.1396	113.78221	113.67939	113.81594	113.77579	113.71576	113.76473	113.59789	113.1683	112.83887	112.83974	112.88991	113.1711	113.96365	115.19954	116.54196	117.67052	118.29578	118.62016	118.86859	118.97887	119.06109	119.38508	119.75419	119.70164	118.93533	118.36848	118.24933	117.75202	117.19187	PASSED
13-02-2025	9:44:13	7	MSU-L20S15-07	VINH GAUGE	1 ( 20000V)		80.02667	80.52133	81.10285	82.13412	83.28424	84.54351	85.84066	87.11034	88.38324	89.73752	91.2437	92.62448	93.95458	95.21819	96.396	97.4764	98.58263	99.79304	101.00044	102.27254	103.55918	104.83804	106.12009	107.42797	108.68854	109.90114	111.07023	112.20394	113.26719	114.30344	115.23112	116.07816	116.79557	117.40207	117.8692	118.19154	118.30531	118.24552	118.07712	117.84793	117.63407	117.48448	117.34686	117.15597	116.86586	116.51158	116.17398	115.86638	115.46705	114.91719	114.24863	113.63317	113.22229	113.21385	113.51723	113.91043	114.2808	114.29084	113.94069	113.82338	113.94497	113.91929	113.86076	113.89835	113.73271	113.29952	112.9636	112.96755	113.08655	113.56406	114.5784	115.91448	117.22289	118.33094	118.83929	118.94994	118.94635	118.84975	118.78371	118.97923	119.06338	118.61212	117.91802	117.39529	117.2261	116.93255	117.09567	PASSED
13-02-2025	9:44:32	7	MSU-L20S15-07	VINH GAUGE	2( 20000V)		80.19779	80.6604	81.20884	82.20003	83.31089	84.54407	85.81911	87.06504	88.34787	89.7662	91.30253	92.6967	94.0433	95.30063	96.4497	97.51699	98.62276	99.83086	101.03818	102.30902	103.58866	104.85644	106.11732	107.39206	108.60709	109.76108	110.8712	111.95966	112.98477	113.99655	114.91356	115.75584	116.47077	117.08367	117.56353	117.90485	118.04209	118.00612	117.86209	117.66078	117.47363	117.34588	117.22638	117.05276	116.76739	116.41702	116.08955	115.79573	115.39877	114.84188	114.16515	113.53974	113.12951	113.13569	113.47095	113.87967	114.26005	114.2634	113.91519	113.79704	113.90883	113.87748	113.81148	113.83045	113.64269	113.20388	112.86167	112.88625	113.04586	113.58752	114.65233	115.9612	117.19121	118.25556	118.74178	118.82829	118.80485	118.69212	118.58592	118.73535	118.75234	118.28005	117.64963	117.24	117.18958	116.99881	117.26974	PASSED
13-02-2025	9:44:48	7	MSU-L20S15-07	VINH GAUGE	3 ( 20000V)		80.0275	80.50467	81.05874	82.0583	83.18768	84.44148	85.72906	86.98477	88.26426	89.66416	91.17988	92.56115	93.90541	95.16193	96.32569	97.40308	98.51176	99.71817	100.92797	102.19685	103.4807	104.75599	106.02461	107.30126	108.51522	109.67502	110.80029	111.90359	112.94674	113.97971	114.90929	115.75877	116.48261	117.10006	117.57976	117.92134	118.05801	118.0162	117.86735	117.6547	117.45741	117.31928	117.1963	117.01303	116.73316	116.38376	116.05429	115.75437	115.3587	114.79563	114.1277	113.5044	113.09093	113.09717	113.43255	113.8274	114.21057	114.2148	113.86788	113.75144	113.86055	113.80159	113.74522	113.7696	113.58072	113.1431	112.82418	112.82367	112.94743	113.43391	114.45757	115.77212	117.03579	118.1151	118.61939	118.73296	118.73049	118.61959	118.51027	118.65845	118.67994	118.2293	117.66019	117.28119	117.19067	117.01918	117.25021	PASSED
13-02-2025	9:45:03	7	MSU-L20S15-07	VINH GAUGE	4 ( 20000V)		79.94069	80.43968	80.99951	82.03769	83.17155	84.42875	85.7056	86.95509	88.24249	89.66618	91.19228	92.59043	93.93796	95.18734	96.33172	97.40013	98.50364	99.71128	100.92079	102.19282	103.47521	104.74777	106.02056	107.31895	108.57349	109.77929	110.93768	112.05895	113.1049	114.1195	115.02499	115.85443	116.55702	117.15453	117.61721	117.94183	118.06029	118.00857	117.85116	117.6354	117.43334	117.29555	117.16782	116.9807	116.69687	116.34842	116.01799	115.7187	115.3229	114.75912	114.09209	113.46798	113.0531	113.05558	113.38144	113.77159	114.15786	114.16421	113.80727	113.69594	113.80903	113.74641	113.6953	113.7345	113.55626	113.12207	112.80564	112.79611	112.91357	113.36985	114.37576	115.70994	117.02372	118.13583	118.66588	118.80777	118.83259	118.73181	118.60457	118.73078	118.81585	118.50934	117.98373	117.60621	117.47364	117.26584	117.25377	PASSED
13-02-2025	9:45:17	7	MSU-L20S15-07	VINH GAUGE	5 ( 20000V)		80.11619	80.59088	81.13949	82.15097	83.27057	84.51032	85.78278	87.03378	88.321	89.73983	91.27522	92.67329	94.01313	95.25779	96.40063	97.46351	98.56488	99.77127	100.98057	102.25258	103.53612	104.81	106.08736	107.39181	108.65368	109.86839	111.03583	112.15935	113.202	114.21289	115.11303	115.93287	116.63075	117.22351	117.67942	117.99612	118.10872	118.04632	117.87763	117.65212	117.44706	117.30528	117.18005	117.00197	116.72008	116.37065	116.0422	115.74211	115.34141	114.77933	114.1148	113.48928	113.0694	113.07178	113.39545	113.78881	114.18194	114.19837	113.85001	113.75603	113.87081	113.81399	113.74077	113.77689	113.58642	113.15275	112.83605	112.85377	112.9684	113.42643	114.41841	115.73311	117.02869	118.11359	118.61298	118.69939	118.64518	118.48277	118.33329	118.40768	118.42882	118.08652	117.59838	117.34423	117.41506	117.36766	117.5824	PASSED
13-02-2025	9:45:33	7	MSU-L20S15-07	VINH GAUGE	6 ( 20000V)		79.67023	80.14119	80.69433	81.71582	82.86187	84.1181	85.40738	86.67049	87.95449	89.36073	90.87295	92.25579	93.59496	94.84695	95.98805	97.05085	98.14492	99.33525	100.52605	101.78684	103.06036	104.32681	105.5983	106.9001	108.16008	109.36846	110.52258	111.63669	112.68544	113.72336	114.66527	115.54529	116.31387	116.97968	117.51109	117.90406	118.0877	118.0906	117.9819	117.80519	117.63474	117.51537	117.40153	117.22295	116.93726	116.5833	116.24763	115.94161	115.53718	114.96496	114.28642	113.65461	113.23185	113.23358	113.56712	113.96468	114.34038	114.3409	113.98573	113.87151	113.97078	113.9206	113.84871	113.8683	113.66869	113.23394	112.90185	112.91675	113.04754	113.54884	114.58613	115.93982	117.25404	118.36465	118.88478	119.00888	119.01318	118.90037	118.78011	118.91739	119.01068	118.69468	118.17221	117.79897	117.69924	117.49452	117.53547	PASSED
13-02-2025	9:45:46	7	MSU-L20S15-07	VINH GAUGE	7( 20000V)		80.11437	80.58771	81.15907	82.2225	83.33305	84.56942	85.84544	87.07707	88.32947	89.74258	91.26923	92.65543	93.99899	95.2498	96.39943	97.46499	98.5696	99.77507	100.98424	102.25414	103.54134	104.81705	106.09436	107.38461	108.61115	109.77108	110.89419	112.01785	113.09732	114.18061	115.16721	116.078	116.83954	117.47826	117.96326	118.29821	118.41489	118.3528	118.1783	117.93961	117.71681	117.55798	117.41425	117.21471	116.92034	116.56051	116.22133	115.91554	115.51154	114.9358	114.26827	113.63391	113.20933	113.21925	113.55718	113.95554	114.34642	114.34819	113.97783	113.85437	113.95203	113.90722	113.87602	113.92433	113.75559	113.34118	113.0198	113.01941	113.15781	113.64147	114.63181	115.90121	117.1578	118.23352	118.70083	118.75447	118.68344	118.55897	118.48294	118.61799	118.55989	118.07108	117.447	117.03554	117.03675	117.00792	117.41701	PASSED
13-02-2025	9:46:02	7	MSU-L20S15-07	VINH GAUGE	8( 20000V)		80.00338	80.47707	81.03732	82.04942	83.20475	84.45068	85.73456	86.99022	88.27373	89.68381	91.20386	92.58907	93.92291	95.17944	96.32852	97.39996	98.50555	99.71289	100.91129	102.17624	103.45277	104.71687	105.98434	107.26485	108.47987	109.63009	110.7584	111.87378	112.9415	114.00625	114.97761	115.86311	116.60943	117.23932	117.72029	118.05204	118.17092	118.10832	117.93145	117.69634	117.47976	117.3282	117.19281	117.00766	116.72316	116.37023	116.03881	115.74312	115.34145	114.77036	114.11158	113.47652	113.05424	113.07182	113.41772	113.81086	114.20153	114.20343	113.83864	113.71856	113.81492	113.77341	113.72268	113.75715	113.57441	113.14541	112.81095	112.81708	112.95347	113.46185	114.50674	115.8284	117.07503	118.12968	118.59296	118.6632	118.62685	118.52076	118.43523	118.60221	118.65631	118.22798	117.64232	117.26201	117.20506	117.03157	117.27068	PASSED
13-02-2025	9:46:16	7	MSU-L20S15-07	VINH GAUGE	9 ( 20000V)		80.02015	80.4933	81.0488	82.07018	83.21415	84.46843	85.75814	87.02037	88.30953	89.72186	91.22989	92.6095	93.94206	95.18565	96.33038	97.40266	98.50757	99.71409	100.92047	102.18955	103.47029	104.74306	106.01325	107.29905	108.52388	109.68638	110.8054	111.91662	112.98595	114.0538	115.02623	115.92615	116.68685	117.32458	117.81406	118.15584	118.2821	118.22973	118.06554	117.83759	117.62595	117.4758	117.33779	117.14354	116.85071	116.48772	116.14884	115.84359	115.43768	114.86116	114.19392	113.55921	113.13337	113.14493	113.49087	113.89092	114.27376	114.27817	113.91548	113.78193	113.88269	113.8348	113.74059	113.75928	113.55851	113.09234	112.74533	112.79435	112.96673	113.54695	114.64186	115.95379	117.16976	118.19803	118.62391	118.63566	118.54298	118.39984	118.28897	118.44801	118.47562	118.04422	117.47102	117.12426	117.17063	117.06913	117.40542	PASSED
13-02-2025	9:46:32	7	MSU-L20S15-07	VINH GAUGE	10( 20000V)		79.85914	80.30918	80.84719	81.85273	83.02235	84.28214	85.57323	86.83441	88.11685	89.50462	91.02668	92.41466	93.75046	94.99104	96.12823	97.18287	98.27134	99.46185	100.65594	101.91322	103.18117	104.44087	105.70029	106.98821	108.23627	109.43279	110.58212	111.69129	112.72942	113.74504	114.66013	115.50635	116.23832	116.87337	117.38083	117.75511	117.92484	117.92014	117.80682	117.63127	117.4685	117.35678	117.2515	117.08425	116.81147	116.46204	116.13571	115.83812	115.4395	114.87744	114.22592	113.59249	113.17028	113.1713	113.48384	113.86065	114.25415	114.26653	113.91216	113.80593	113.91024	113.85687	113.81524	113.84845	113.66751	113.23613	112.90954	112.889	113.01138	113.48882	114.5108	115.86329	117.1717	118.2899	118.80923	118.91537	118.88173	118.784	118.72341	118.89436	118.90679	118.39341	117.64795	117.06935	116.88029	116.62783	116.87331	PASSED
13-02-2025	9:46:48	7	MSU-L20S15-07	VINH GAUGE	1.(1800V )		80.06613	80.52986	81.07654	82.08459	83.22326	84.47198	85.76932	87.01992	88.30639	89.71923	91.25209	92.63823	93.98861	95.24358	96.39588	97.46567	98.57302	99.77737	100.98262	102.25259	103.53435	104.80594	106.07721	107.36565	108.59753	109.77886	110.91689	112.01966	113.05308	114.06422	114.97	115.79697	116.49898	117.09778	117.56249	117.89007	118.01522	117.9692	117.81799	117.6103	117.41472	117.28309	117.16158	116.98426	116.70315	116.35985	116.03392	115.74154	115.34463	114.77904	114.11511	113.49127	113.07367	113.07946	113.42017	113.81886	114.20126	114.21393	113.86769	113.7592	113.87793	113.84134	113.77878	113.80532	113.61646	113.1726	112.83696	112.84328	112.96323	113.4275	114.4222	115.76718	117.08041	118.19741	118.73452	118.87593	118.86292	118.7277	118.59621	118.70121	118.67876	118.21221	117.62527	117.29724	117.35916	117.27404	117.59029	PASSED
13-02-2025	9:47:06	7	MSU-L20S15-07	VINH GAUGE	2.(1800V )		80.16371	80.62973	81.18195	82.19877	83.33269	84.57986	85.86975	87.12379	88.40508	89.83419	91.36314	92.7567	94.09838	95.34538	96.48082	97.5441	98.64471	99.84757	101.05415	102.324	103.6064	104.87966	106.15675	107.46352	108.73026	109.94558	111.11135	112.23353	113.27817	114.28836	115.19045	116.01342	116.71463	117.31112	117.77387	118.09702	118.21696	118.16438	118.00446	117.78372	117.58544	117.44767	117.32244	117.14276	116.86244	116.51104	116.17994	115.87758	115.47291	114.90701	114.2464	113.6221	113.20048	113.20237	113.52741	113.91845	114.31033	114.3295	113.98987	113.88562	113.98495	113.9293	113.84866	113.86618	113.66971	113.22722	112.90298	112.93551	113.08177	113.59266	114.63408	115.95196	117.21861	118.28999	118.76733	118.84374	118.80146	118.68641	118.60696	118.75856	118.78095	118.34245	117.72183	117.30349	117.24919	117.10118	117.35162	PASSED
13-02-2025	9:47:21	7	MSU-L20S15-07	VINH GAUGE	3.(1800V )		79.53719	80.01951	80.60227	81.6078	82.7249	84.00202	85.32222	86.58547	87.87618	89.27213	90.78204	92.16099	93.49585	94.75319	95.90981	96.97952	98.0782	99.2773	100.47498	101.73755	103.01175	104.27819	105.54861	106.84595	108.09857	109.29048	110.4261	111.52445	112.5628	113.60245	114.55548	115.452	116.2367	116.91828	117.45424	117.84388	118.01793	118.00845	117.88082	117.68346	117.4977	117.36444	117.23789	117.0505	116.75972	116.39688	116.05369	115.74003	115.33539	114.77405	114.09257	113.46933	113.05487	113.0505	113.36553	113.75931	114.13815	114.13939	113.78693	113.66572	113.78565	113.74176	113.65541	113.67732	113.49654	113.05388	112.71721	112.75805	112.90388	113.40867	114.44808	115.79957	117.12881	118.24129	118.74802	118.85037	118.82857	118.67282	118.50751	118.63872	118.71063	118.29324	117.69258	117.34005	117.31093	117.1076	117.30419	PASSED
13-02-2025	9:47:36	7	MSU-L20S15-07	VINH GAUGE	4.(1800V )		79.60209	80.08055	80.6507	81.67743	82.82247	84.07927	85.37793	86.63787	87.91135	89.27479	90.75475	92.12129	93.44697	94.7053	95.86278	96.93998	98.04191	99.23878	100.43022	101.69337	102.96955	104.23756	105.51293	106.81707	108.07853	109.30008	110.47099	111.6049	112.67624	113.73648	114.69219	115.58399	116.35839	117.02592	117.55183	117.93544	118.10671	118.09495	117.97004	117.77546	117.58911	117.45318	117.32604	117.13761	116.84555	116.4769	116.13	115.80961	115.39641	114.83555	114.16662	113.54511	113.13364	113.12845	113.4295	113.80892	114.1777	114.18187	113.83703	113.71991	113.81962	113.77405	113.70097	113.72472	113.55244	113.14621	112.81207	112.80925	112.91614	113.40045	114.43878	115.79361	117.09494	118.19788	118.71524	118.82612	118.80986	118.69163	118.60491	118.76937	118.80252	118.31536	117.62549	117.13379	117.02733	116.77409	116.99751	PASSED
13-02-2025	9:47:49	7	MSU-L20S15-07	VINH GAUGE	5.(1800V )		80.15054	80.63175	81.18154	82.18572	83.33616	84.58927	85.87704	87.13176	88.42354	89.84596	91.36533	92.74729	94.09315	95.35446	96.50125	97.5781	98.69171	99.89947	101.10299	102.37351	103.65678	104.93125	106.20664	107.50088	108.74365	109.92934	111.07073	112.18073	113.22473	114.24901	115.17018	116.0117	116.72557	117.32861	117.79233	118.11531	118.23395	118.17986	118.01823	117.79713	117.59192	117.45254	117.32563	117.14626	116.86444	116.5181	116.18675	115.88547	115.48754	114.93119	114.26098	113.64714	113.2383	113.23996	113.55724	113.95225	114.33282	114.35133	114.01895	113.926	114.05478	114.01504	113.94761	113.9731	113.79049	113.35641	113.04087	113.0421	113.12227	113.5003	114.40463	115.66262	116.97246	118.1232	118.68811	118.87274	118.90584	118.8049	118.73272	118.88547	118.82881	118.30507	117.6133	117.07857	116.92862	116.76486	117.03849	PASSED
13-02-2025	9:48:02	7	MSU-L20S15-07	VINH GAUGE	6.(1800V )		79.99414	80.47433	81.02382	82.03502	83.15253	84.3937	85.67257	86.92301	88.20865	89.62033	91.13591	92.51461	93.85032	95.10372	96.24516	97.31492	98.41992	99.62206	100.81962	102.0855	103.36324	104.63159	105.90422	107.20612	108.4648	109.67043	110.82781	111.9464	112.99296	114.01307	114.93122	115.77634	116.49845	117.11506	117.59818	117.94111	118.07878	118.04033	117.89051	117.68228	117.49	117.35502	117.23262	117.05522	116.77397	116.42264	116.09099	115.79048	115.3962	114.84079	114.17386	113.55842	113.14855	113.14726	113.45624	113.85286	114.23567	114.24463	113.90119	113.8038	113.91342	113.88355	113.8494	113.89087	113.72719	113.33378	113.02296	113.03652	113.16942	113.6199	114.58042	115.87685	117.1873	118.30138	118.81778	118.90025	118.7834	118.59273	118.44341	118.4454	118.24778	117.7497	117.19011	116.95408	117.20728	117.39718	117.94663	PASSED
13-02-2025	9:48:19	7	MSU-L20S15-07	VINH GAUGE	7.(1800V )		80.08122	80.53766	81.07187	82.06589	83.18388	84.43294	85.72563	86.98739	88.28177	89.70134	91.2097	92.59343	93.93227	95.18922	96.33349	97.41113	98.51836	99.72609	100.92825	102.19847	103.47995	104.74919	106.01404	107.29015	108.50452	109.65684	110.76597	111.85632	112.89458	113.92491	114.86304	115.72847	116.46399	117.0867	117.57057	117.91238	118.04584	118.00572	117.85906	117.65221	117.46066	117.33084	117.21129	117.03429	116.75504	116.40764	116.07926	115.77884	115.38285	114.82888	114.15614	113.54381	113.13446	113.13316	113.4418	113.83836	114.21265	114.22648	113.89447	113.80469	113.92144	113.88872	113.8327	113.86557	113.7015	113.30183	112.98166	112.97058	113.05211	113.42987	114.33521	115.60037	116.89209	117.99778	118.52248	118.65567	118.65547	118.57524	118.54236	118.7204	118.75137	118.31636	117.64049	117.11466	116.92497	116.71303	116.88802	PASSED
13-02-2025	9:48:32	7	MSU-L20S15-07	VINH GAUGE	8.(1800V )		80.10161	80.58481	81.14341	82.15417	83.27426	84.52838	85.80592	87.04559	88.31466	89.70926	91.21042	92.58105	93.91326	95.15084	96.32466	97.42826	98.55114	99.78719	101.02623	102.30986	103.60674	104.89816	106.18031	107.4806	108.7319	109.92978	111.08546	112.19972	113.23955	114.24836	115.14828	115.96315	116.6545	117.239	117.68776	117.99419	118.09658	118.02346	117.84371	117.60177	117.38671	117.23195	117.09587	116.90599	116.62305	116.2629	115.9301	115.62508	115.22565	114.66874	114.00498	113.38877	112.9825	112.98431	113.29196	113.69355	114.07662	114.08436	113.73976	113.62874	113.72447	113.6828	113.60809	113.63404	113.46831	113.05497	112.73422	112.77595	112.93582	113.44175	114.45401	115.6979	116.89242	117.91789	118.36855	118.4221	118.37901	118.27823	118.22044	118.37928	118.37137	117.95129	117.4172	117.06071	116.99596	116.92436	117.22357	PASSED
13-02-2025	9:48:45	7	MSU-L20S15-07	VINH GAUGE	9.(1800V )		80.13019	80.59047	81.14448	82.15125	83.27857	84.52988	85.82308	87.07071	88.34558	89.77891	91.29823	92.68137	94.0292	95.27612	96.40903	97.47675	98.57925	99.77606	100.9786	102.2451	103.52314	104.79313	106.06434	107.36196	108.61228	109.80568	110.94784	112.05524	113.09221	114.10507	115.01653	115.85606	116.57159	117.18195	117.65864	117.99723	118.12895	118.08807	117.93993	117.72991	117.53177	117.39955	117.27598	117.09422	116.8071	116.45735	116.12186	115.81817	115.41913	114.86558	114.19272	113.57876	113.16806	113.16788	113.4823	113.88444	114.26341	114.27549	113.92507	113.81658	113.91923	113.87525	113.82788	113.86431	113.69205	113.27497	112.94573	112.94372	113.08058	113.58274	114.61804	115.92303	117.1661	118.22987	118.71064	118.77642	118.71568	118.57053	118.46063	118.57407	118.5297	118.02934	117.41595	117.04693	117.09678	117.02347	117.40567	PASSED
13-02-2025	9:48:58	7	MSU-L20S15-07	VINH GAUGE	10.(1800V )		79.8356	80.314	80.88067	81.88311	83.00874	84.26254	85.54281	86.77314	88.04915	89.46949	90.97819	92.35149	93.68745	94.92811	96.06439	97.12771	98.22667	99.42161	100.61871	101.87617	103.14942	104.41461	105.6832	106.97672	108.22169	109.40397	110.52114	111.60106	112.62947	113.6743	114.63899	115.55446	116.36013	117.05976	117.60988	118.01309	118.2013	118.20635	118.09346	117.91089	117.73222	117.60577	117.48425	117.30129	117.01292	116.65429	116.31181	115.99662	115.58952	115.03004	114.36235	113.74117	113.32195	113.30795	113.59951	113.97671	114.34981	114.36407	114.02409	113.92905	114.04012	113.97203	113.8796	113.90276	113.71466	113.27417	112.95985	112.98214	113.09375	113.56704	114.58264	115.89537	117.17536	118.25715	118.73089	118.81608	118.81057	118.76381	118.7691	119.00079	119.04107	118.55237	117.7799	117.16323	116.93106	116.66791	116.85823	PASSED
13-02-2025	9:49:13	7	MSU-L20S15-07	VINH GAUGE	1. (1600V)		79.8986	80.36721	80.92174	81.92467	83.05963	84.30306	85.59516	86.83945	88.11845	89.53816	91.0692	92.44957	93.79451	95.04667	96.18804	97.2478	98.34761	99.54213	100.73804	101.99733	103.27016	104.53686	105.80587	107.10272	108.35796	109.56004	110.71338	111.8295	112.87512	113.89691	114.81526	115.66134	116.38707	117.00947	117.49964	117.85293	118.00172	117.97833	117.84487	117.6471	117.46045	117.3307	117.20632	117.02687	116.74183	116.39085	116.06141	115.76364	115.3633	114.79974	114.12344	113.49936	113.08281	113.08389	113.4107	113.80456	114.18132	114.18751	113.84298	113.73528	113.85186	113.79184	113.71667	113.72828	113.54623	113.11578	112.80043	112.81552	112.94838	113.44202	114.48192	115.79688	117.05571	118.12524	118.60352	118.66274	118.6026	118.48206	118.40067	118.53428	118.53722	118.0999	117.47934	117.04864	117.01899	116.89135	117.15458	PASSED
13-02-2025	9:49:29	7	MSU-L20S15-07	VINH GAUGE	2. (1600V)		80.24357	80.69238	81.23959	82.24238	83.36134	84.60541	85.89885	87.1371	88.40894	89.81607	91.32201	92.69952	94.04183	95.30442	96.44719	97.51641	98.61621	99.81121	101.00159	102.26119	103.53506	104.80235	106.07273	107.36887	108.62144	109.82542	110.98261	112.0998	113.14208	114.15783	115.06557	115.89769	116.61034	117.22269	117.70339	118.04834	118.18989	118.16031	118.02057	117.81978	117.63193	117.50166	117.37853	117.20325	116.92614	116.57589	116.24966	115.95127	115.5503	114.98987	114.32493	113.70365	113.2913	113.29103	113.60085	113.99205	114.36633	114.38153	114.0504	113.95091	114.05282	114.00148	113.90785	113.91353	113.7147	113.28706	112.9727	113.00995	113.15107	113.65416	114.67504	115.97876	117.22756	118.2965	118.77906	118.85352	118.79907	118.65501	118.53022	118.6546	118.67261	118.25266	117.6948	117.36542	117.3625	117.25044	117.52192	PASSED
13-02-2025	9:49:43	7	MSU-L20S15-07	VINH GAUGE	3. (1600V)		79.9693	80.43319	80.97977	81.98876	83.12124	84.37484	85.66644	86.91357	88.21716	89.70085	91.23213	92.61577	93.953	95.18193	96.28461	97.33795	98.4341	99.63046	100.8317	102.09677	103.37633	104.64861	105.9253	107.23268	108.49896	109.71642	110.88609	112.01999	113.08139	114.12022	115.05118	115.90536	116.63587	117.25988	117.74371	118.08396	118.21556	118.1695	118.00968	117.78623	117.58252	117.44064	117.30782	117.12129	116.83259	116.47504	116.14013	115.84141	115.44198	114.87511	114.20099	113.57297	113.15411	113.16065	113.5034	113.90967	114.28814	114.28359	113.92649	113.80138	113.89333	113.83639	113.79747	113.82743	113.64932	113.23026	112.91088	112.90232	113.03506	113.52821	114.54401	115.84641	117.09124	118.1482	118.62721	118.692	118.63863	118.49786	118.37484	118.48387	118.49877	118.07011	117.49681	117.14716	117.15594	117.04001	117.30647	PASSED
13-02-2025	9:49:57	7	MSU-L20S15-07	VINH GAUGE	4. (1600V)		80.35541	80.83644	81.39413	82.3956	83.51913	84.75923	86.03645	87.27223	88.55594	89.98884	91.50044	92.88705	94.22011	95.47397	96.60617	97.6762	98.77745	99.98304	101.18002	102.4412	103.71181	104.97063	106.22875	107.50519	108.73437	109.90913	111.03172	112.11212	113.11555	114.08931	114.96026	115.75889	116.44114	117.03234	117.49994	117.83759	117.97773	117.94931	117.81198	117.62027	117.44437	117.33019	117.22418	117.06253	116.79206	116.45116	116.12563	115.83019	115.43343	114.87109	114.20242	113.58061	113.16799	113.17216	113.50017	113.90566	114.29384	114.30026	113.95513	113.83908	113.92888	113.87733	113.83498	113.85305	113.66102	113.23402	112.91591	112.93863	113.13104	113.71182	114.7914	116.09871	117.32406	118.35278	118.77438	118.78164	118.68387	118.56717	118.50419	118.63492	118.57989	118.07918	117.40326	116.93058	116.90568	116.84069	117.20212	PASSED
13-02-2025	9:50:11	7	MSU-L20S15-07	VINH GAUGE	5. (1600V)		79.69941	80.1645	80.71978	81.71299	82.83677	84.07007	85.35376	86.58858	87.87806	89.31579	90.8364	92.22387	93.56734	94.80255	95.92664	96.98894	98.08251	99.27513	100.47398	101.73735	103.01402	104.28521	105.56309	106.87086	108.13646	109.34421	110.49085	111.60413	112.67129	113.74998	114.74069	115.67424	116.48946	117.18783	117.72997	118.12042	118.29037	118.2768	118.14654	117.94729	117.75523	117.61973	117.4913	117.30357	117.01458	116.65331	116.31254	115.99986	115.59203	115.02505	114.34617	113.72051	113.30069	113.2922	113.59843	114.00061	114.3819	114.39706	114.0526	113.94278	114.03499	113.99663	113.94682	113.97536	113.80255	113.39248	113.05629	113.03796	113.14121	113.55214	114.48554	115.76818	117.06316	118.19983	118.7619	118.92412	118.93703	118.78992	118.59728	118.69411	118.70604	118.23994	117.65032	117.30659	117.24944	117.06481	117.30323	PASSED
13-02-2025	9:50:26	7	MSU-L20S15-07	VINH GAUGE	6. (1600V)		80.09027	80.55132	81.09863	82.10371	83.21038	84.4533	85.73568	86.97612	88.24132	89.65978	91.19597	92.57461	93.9206	95.18735	96.33194	97.39493	98.50617	99.71208	100.91025	102.1777	103.45524	104.72169	105.98595	107.27235	108.50766	109.68953	110.82466	111.93057	112.96832	113.98828	114.90632	115.74881	116.46819	117.08753	117.57128	117.91721	118.05946	118.02899	117.88917	117.68694	117.49694	117.36752	117.2459	117.06403	116.78383	116.43687	116.10874	115.81314	115.41612	114.84314	114.16884	113.53993	113.11942	113.12676	113.46976	113.87473	114.2582	114.26506	113.90712	113.78674	113.89844	113.8556	113.80609	113.84829	113.68303	113.25746	112.93124	112.92654	113.03187	113.46511	114.42785	115.72786	117.02234	118.15283	118.6915	118.83112	118.83268	118.72246	118.61731	118.74013	118.71713	118.23379	117.60921	117.18935	117.1566	117.03338	117.33476	PASSED
13-02-2025	9:50:40	7	MSU-L20S15-07	VINH GAUGE	7. (1600V)		79.48195	79.9504	80.48866	81.49843	82.59803	83.84836	85.1339	86.36781	87.61615	89.0423	90.56613	91.95682	93.3115	94.5633	95.69909	96.76053	97.85399	99.04438	100.24434	101.50525	102.78081	104.05091	105.3303	106.64194	107.91357	109.12825	110.27582	111.35353	112.37341	113.43802	114.43583	115.39645	116.26727	117.03487	117.63224	118.06629	118.27116	118.2823	118.17028	117.98453	117.79697	117.66108	117.52878	117.33382	117.03023	116.65944	116.30376	115.97918	115.55666	114.9804	114.31269	113.66799	113.23905	113.23175	113.53653	113.91051	114.30783	114.32289	113.98089	113.8734	113.97208	113.91823	113.82657	113.84277	113.65733	113.22943	112.88633	112.9017	113.00124	113.4483	114.44868	115.78756	117.08523	118.20216	118.72464	118.84551	118.83891	118.72907	118.61117	118.75234	118.79782	118.4071	117.88643	117.58174	117.56689	117.45104	117.67345	PASSED
13-02-2025	9:50:54	7	MSU-L20S15-07	VINH GAUGE	1. (1600V)		80.20623	80.67515	81.22722	82.22278	83.35538	84.59739	85.8836	87.1211	88.39801	89.82065	91.34593	92.74174	94.08374	95.29381	96.4319	97.49597	98.58945	99.79078	101.01276	102.27855	103.55682	104.82754	106.09835	107.39249	108.64131	109.83812	110.98613	112.09233	113.12279	114.12033	115.01125	115.82605	116.52264	117.11958	117.58931	117.92458	118.0586	118.01954	117.87307	117.66585	117.47461	117.34183	117.22164	117.04423	116.76582	116.41911	116.09234	115.79515	115.39631	114.83136	114.17108	113.53202	113.10961	113.1194	113.44693	113.82957	114.22268	114.22931	113.86598	113.74723	113.84158	113.77287	113.72065	113.75719	113.58212	113.16207	112.85924	112.86268	113.01141	113.54031	114.59535	115.89982	117.13113	118.15775	118.58875	118.62792	118.58269	118.528	118.53023	118.71934	118.70962	118.22233	117.55051	117.0501	116.95303	116.83229	117.14388	PASSED
13-02-2025	9:51:10	7	MSU-L20S15-07	VINH GAUGE	1. (1600V)		80.22301	80.67365	81.19478	82.20354	83.33151	84.58879	85.89197	87.15274	88.43524	89.86459	91.39116	92.78346	94.14075	95.38921	96.52986	97.60297	98.71036	99.91414	101.12742	102.4026	103.68804	104.96484	106.24446	107.55007	108.81305	110.02017	111.17247	112.27509	113.29424	114.27415	115.14482	115.93726	116.60921	117.18151	117.62273	117.93046	118.03777	117.97802	117.81054	117.58878	117.38048	117.24294	117.11567	116.93561	116.65357	116.30948	115.97845	115.67966	115.28454	114.72864	114.07668	113.45003	113.03889	113.04357	113.35632	113.74392	114.14353	114.16289	113.81851	113.71268	113.80889	113.76185	113.68671	113.72151	113.55329	113.14517	112.82354	112.84662	112.97159	113.43122	114.41311	115.68922	116.93508	118.00878	118.52201	118.63864	118.62269	118.49977	118.41392	118.56005	118.5681	118.11807	117.52404	117.12564	117.05263	116.89308	117.15764	PASSED
13-02-2025	9:51:24	7	MSU-L20S15-07	VINH GAUGE	1. (1600V)		79.94955	80.41454	80.92667	81.92812	83.06644	84.32252	85.6179	86.88175	88.15603	89.57747	91.10455	92.49352	93.84193	95.09054	96.22647	97.28985	98.3843	99.57566	100.77221	102.03182	103.30263	104.567	105.83746	107.13609	108.39515	109.60354	110.76431	111.88561	112.93144	113.94862	114.86085	115.69962	116.41773	117.03692	117.52492	117.87624	118.0235	117.99896	117.86588	117.67188	117.48993	117.36469	117.24626	117.07102	116.78829	116.43918	116.10818	115.80532	115.39973	114.84035	114.18759	113.5569	113.13939	113.14246	113.45159	113.82545	114.22265	114.24186	113.90506	113.80484	113.90502	113.84864	113.79744	113.81463	113.63163	113.2141	112.88982	112.87314	112.99852	113.49669	114.54147	115.89133	117.18977	118.28058	118.76604	118.87003	118.88015	118.83131	118.8053	118.98875	119.01528	118.57079	117.88886	117.38777	117.328	117.15883	117.35142	PASSED
