## Function
〔b〕RESULT CHECK FUNCTION OF LOT TEST CHANGE BONDING  VP+CD															
〔bg=#B7DEE8,b〕Date	〔bg=#B7DEE8,b〕Test type	〔bg=#B7DEE8,b〕Input 	〔bg=#B7DEE8,b〕OK 	〔bg=#B7DEE8,b〕Sigma 				〔bg=#B7DEE8,b〕Hearing  ( + 1V ) 				〔bg=#B7DEE8,b〕Hearing  ( + 0V ) 			
				〔bg=#B7DEE8,b〕SPL 	〔bg=#B7DEE8,b〕THD 	〔bg=#B7DEE8,b〕SPL+THD 	〔bg=#B7DEE8,b〕SPL+THD+F0	〔bg=#B7DEE8,b〕Noise 	〔bg=#B7DEE8,b〕Touch 	〔bg=#B7DEE8,b〕Total NG	〔bg=#B7DEE8,b〕NG Rate	〔bg=#B7DEE8,b〕Noise 	〔bg=#B7DEE8,b〕Touch 	〔bg=#B7DEE8,b〕Total NG	〔bg=#B7DEE8,b〕NG Rate
18/Feb	Increase bond corner VP+CD                   (Reduce speed 28 ->25)	200	169	0	0	0	0	8	23	31	15.5%	4	4	8	4.0%
				〔fg=#FF0000〕0.0%	〔fg=#FF0000〕0.0%	〔fg=#FF0000〕0.0%	〔fg=#FF0000〕0.0%	〔fg=#FF0000〕25.8%	〔fg=#FF0000〕74.2%			〔fg=#FF0000〕50.0%	〔fg=#FF0000〕50.0%		
	Increase bond corner VP+CD                   ((Reduce speed 28 ->22)	160	121	0	1	0	0	11	27	39	24.4%	6	6	12	7.5%
				〔fg=#FF0000〕0.0%	〔fg=#FF0000〕2.6%	〔fg=#FF0000〕0.0%	〔fg=#FF0000〕0.0%	〔fg=#FF0000〕28.2%	〔fg=#FF0000〕69.2%			〔fg=#FF0000〕50.0%	〔fg=#FF0000〕50.0%		
	Change bonding line VP+CD move out side 0.03	195	180	0	0	0	0	6	9	15	7.7%	3	1	4	2.1%
				〔fg=#FF0000〕0.0%	〔fg=#FF0000〕0.0%	〔fg=#FF0000〕0.0%	〔fg=#FF0000〕0.0%	〔fg=#FF0000〕40.0%	〔fg=#FF0000〕60.0%			〔fg=#FF0000〕75.0%	〔fg=#FF0000〕25.0%		

## NTI_종합
〔b〕MASK	
HZ	%
100	90
240	42
312	35
500	25
1000	10
2000	8
4500	6
7000	10
14000	8

## SPL DATA_(NTI
	〔fg=#0000FF,b〕MASK 1	〔fg=#0000FF,b〕MASK 2	〔fg=#0000FF,b〕 ST 		〔fg=#0000FF,b〕Test  #1	〔fg=#0000FF,b〕Test  #2	〔fg=#0000FF,b〕Test  #3	〔fg=#0000FF,b〕Test  #4	〔fg=#0000FF,b〕Test  #5	〔fg=#0000FF,b〕Test  #6	〔fg=#0000FF,b〕Test  #7	〔fg=#0000FF,b〕Test  #8	〔fg=#0000FF,b〕Test  #9	〔fg=#0000FF,b〕Test  #10	〔fg=#FF0000,b〕Test AVG		〔fg=#0000FF,b〕Normal  #1	〔fg=#0000FF,b〕Normal  #2	〔fg=#0000FF,b〕Normal  #3	〔fg=#0000FF,b〕Normal  #4	〔fg=#0000FF,b〕Normal  #5	〔fg=#0000FF,b〕Normal  #6	〔fg=#0000FF,b〕Normal  #7	〔fg=#0000FF,b〕Normal  #8	〔fg=#0000FF,b〕Normal  #9	〔fg=#0000FF,b〕Normal  #10	〔fg=#FF0000,b〕Normal  AVG
100	82.77656	76.77656	79.77656		80.28503	80.1325	78.89898	79.47257	80.05633	80.09902	79.82007	79.59966	79.68251	80.03031	79.80770		79.72768	79.90355	80.30577	80.18247	80.66372	80.49682	79.89516	80.11791	80.27007	80.36263	80.19258
106	83.24491	77.24491	80.24491		80.75944	80.60718	79.4806	79.9678	80.52235	80.57007	80.2854	80.12135	80.16711	80.50636	80.29877		80.19229	80.36687	80.77136	80.67466	81.14016	80.95722	80.46964	80.5898	80.73585	80.84489	80.67427
112	83.78915	77.78915	80.78915		81.28285	81.15189	80.16123	80.52085	81.05633	81.12275	80.83708	80.69746	80.70539	81.05247	80.85883		80.73968	80.91338	81.31499	81.23097	81.6946	81.50442	81.11239	81.13482	81.27594	81.39993	81.23211
118	84.79699	78.79699	81.79699		82.2615	82.15429	81.20601	81.5093	82.0439	82.11774	81.83704	81.71877	81.69751	82.04866	81.85947		81.73975	81.91866	82.31911	82.24148	82.70848	82.50348	82.13461	82.14214	82.28941	82.40066	82.23978
125	85.90541	79.90541	82.90541		83.35598	83.27485	82.36541	82.64226	83.14057	83.23216	82.93718	82.91163	82.80853	83.15541	82.98240		82.83702	83.02555	83.41267	83.3542	83.82431	83.60933	83.27652	83.24551	83.38791	83.5249	83.34979
132	87.10125	81.10125	84.10125		84.56101	84.48257	83.85989	83.84487	84.35677	84.42798	84.15688	84.11467	84.02859	84.36214	84.21954		84.04806	84.2313	84.62844	84.57138	85.03157	84.81393	84.70171	84.47031	84.59485	84.74186	84.58334
140	88.35729	82.35729	85.35729		85.81485	85.74599	85.15654	85.09101	85.5957	85.6816	85.41738	85.3708	85.27641	85.61299	85.47633		85.31027	85.48948	85.88578	85.83	86.29924	86.07141	85.97484	85.7309	85.85087	86.00046	85.84432
150	89.59886	83.59886	86.59886		87.07749	87.00515	86.40449	86.32973	86.85217	86.92449	86.67019	86.62054	86.52483	86.86091	86.72700		86.56385	86.74398	87.14435	87.08072	87.55286	87.30623	87.22249	86.96997	87.10822	87.25446	87.09471
160	90.83983	84.83983	87.83983		88.32803	88.2647	87.65801	87.57566	88.11382	88.17182	87.91905	87.86958	87.76997	88.10997	87.97806		87.82458	87.99375	88.4025	88.33217	88.80491	88.54365	88.47098	88.21153	88.35711	88.51752	88.34587
170	92.18917	86.18917	89.18917		89.67984	89.6262	89.01949	88.91856	89.45573	89.52417	89.26817	89.22127	89.11476	89.4645	89.32927		89.19254	89.33946	89.75274	89.66096	90.1369	89.90823	89.82654	89.56808	89.71527	89.88082	89.69815
180	93.72374	87.72374	90.72374		91.20911	91.15098	90.55225	90.43655	90.93303	91.05647	90.78013	90.74454	90.6338	91.00513	90.85020		90.73255	90.8627	91.26783	91.14191	91.6334	91.45426	91.35194	91.08417	91.24146	91.37948	91.21497
190	95.11380	89.11380	92.1138		92.60095	92.54739	91.92865	91.81447	92.32567	92.44611	92.15935	92.14069	92.01751	92.40217	92.23830		92.12204	92.24095	92.65135	92.52155	93.02657	92.83932	92.74547	92.46275	92.62963	92.74941	92.59890
200	96.45276	90.45276	93.45276		93.93938	93.88196	93.23359	93.14571	93.66032	93.7849	93.48479	93.48087	93.35387	93.74459	93.57100		93.45917	93.56759	93.98385	93.84774	94.36609	94.17911	94.09012	93.79464	93.97291	94.07468	93.93359
212	97.70406	91.70406	94.70406		95.19448	95.12636	94.48527	94.39368	94.90666	95.03663	94.72972	94.73024	94.60406	94.9982	94.82053		94.7025	94.81062	95.22946	95.09805	95.63337	95.43975	95.34717	95.04564	95.22901	95.32088	95.18565
224	98.85013	92.85013	95.85013		96.34678	96.27101	95.64196	95.54715	96.06944	96.18619	95.88287	95.88139	95.74699	96.14831	95.97221		95.84412	95.96775	96.37868	96.26379	96.824	96.60374	96.49753	96.20414	96.38239	96.48255	96.34487
236	99.90422	93.90422	96.90422		97.41059	97.33098	96.69801	96.59641	97.15119	97.24092	96.93771	96.93429	96.80192	97.20774	97.03098		96.89357	97.02273	97.44264	97.34229	97.92332	97.6684	97.56174	97.26091	97.45027	97.56203	97.41279
250	100.99383	94.99383	97.99383		98.50428	98.41904	97.79817	97.67784	98.24808	98.33326	98.02419	98.02044	97.88784	98.30036	98.12135		97.98094	98.11807	98.54024	98.43761	99.03108	98.77232	98.6598	98.35231	98.55183	98.67181	98.51160
265	102.18345	96.18345	99.18345		99.69805	99.60841	99.00543	98.85109	99.43978	99.52229	99.20527	99.20287	99.06716	99.49057	99.30909		99.16373	99.30722	99.73355	99.6306	100.24409	99.97403	99.85483	99.54037	99.74692	99.87625	99.70716
280	103.38482	97.38482	100.38482		100.90146	100.80935	100.20199	100.03245	100.64065	100.72109	100.39474	100.37502	100.25841	100.69205	100.50272		100.36168	100.50604	100.93805	100.82812	101.46366	101.18191	101.06128	100.73415	100.95207	101.08408	100.91110
300	104.66537	98.66537	101.66537		102.17997	102.08314	101.46556	101.28576	101.9118	101.99745	101.65324	101.65194	101.52433	101.96823	101.77214		101.63254	101.77236	102.21761	102.09623	102.75075	102.45754	102.34279	101.99488	102.23192	102.35791	102.18545
315	105.95802	99.95802	102.95802		103.46421	103.36458	102.7419	102.55528	103.19821	103.28348	102.92571	102.94142	102.79525	103.25212	103.05222		102.91364	103.05548	103.50458	103.37536	104.05159	103.74551	103.6317	103.27396	103.51926	103.64568	103.47168
335	107.25144	101.25144	104.25144		104.74185	104.63937	104.01295	103.82273	104.47968	104.56808	104.19511	104.22495	104.06394	104.53361	104.32823		104.19143	104.33417	104.78651	104.65107	105.35124	105.03345	104.91453	104.54948	104.80396	104.92832	104.75442
355	108.57109	102.57109	105.57109		106.02586	105.92474	105.29471	105.10688	105.7774	105.88251	105.47997	105.52329	105.34646	105.8237	105.61855		105.48473	105.62776	106.08005	105.93917	106.65921	106.33466	106.20754	105.84009	106.10001	106.2191	106.04923
375	109.94377	103.94377	106.94377		107.33689	107.24228	106.60859	106.4319	107.11806	107.21105	106.80414	106.8713	106.66769	107.14757	106.94395		106.81558	106.96196	107.40517	107.26221	108.00209	107.66928	107.5295	107.16831	107.43253	107.54291	107.37895
400	111.29658	105.29658	108.29658		108.59549	108.51394	107.87644	107.72614	108.42648	108.5022	108.09564	108.16787	107.95388	108.42871	108.22868		108.1123	108.26057	108.68696	108.54441	109.30457	108.96144	108.80398	108.46067	108.72617	108.81558	108.66766
425	112.62298	106.62298	109.62298		109.79526	109.73038	109.07856	108.98348	109.69112	109.74862	109.3475	109.41788	109.19938	109.65955	109.46517		109.36288	109.51443	109.91898	109.7762	110.55458	110.20381	110.0285	109.70985	109.97325	110.0286	109.90711
450	113.92255	107.92255	110.92255		110.94446	110.89824	110.20984	110.20452	110.91365	110.94799	110.55932	110.62096	110.40366	110.84536	110.65480		110.56562	110.72547	111.10571	110.9561	111.75355	111.39667	111.21149	110.91943	111.17543	111.19669	111.10062
475	115.21287	109.21287	112.21287		112.06511	112.03793	111.27231	111.40119	112.10212	112.10165	111.74326	111.7908	111.57932	111.99377	111.80875		111.7214	111.90744	112.25505	112.10801	112.90614	112.54532	112.3556	112.09694	112.33668	112.33223	112.25648
500	116.44351	110.44351	113.44351		113.1197	113.11303	112.27235	112.53342	113.22081	113.18807	112.85996	112.89883	112.68763	113.06461	112.89584		112.80527	113.02048	113.32605	113.18839	113.96339	113.60621	113.42109	113.2007	113.41203	113.39103	113.33346
530	117.66885	111.66885	114.66885		114.15953	114.16987	113.31141	113.6559	114.3179	114.24217	113.96615	113.9965	113.78594	114.10541	113.97108		113.88123	114.11769	114.3677	114.24692	114.96986	114.62866	114.45999	114.27948	114.44928	114.42342	114.38242
560	118.77585	112.77585	115.77585		115.0973	115.12483	114.28892	114.67471	115.30384	115.18257	114.96526	114.99136	114.77973	115.0354	114.94439		114.85625	115.10563	115.29585	115.19831	115.85282	115.53475	115.38434	115.24371	115.36652	115.34917	115.31874
600	119.79377	113.79377	116.79377		115.95892	116.00325	115.23495	115.62313	116.21007	116.04048	115.88968	115.91127	115.70362	115.88422	115.84596		115.76525	116.01647	116.13664	116.07814	116.63891	116.35068	116.22082	116.12736	116.19296	116.19023	116.17175
630	120.65172	114.65172	117.65172		116.68337	116.74745	116.08848	116.44205	116.97732	116.76083	116.6799	116.69878	116.49893	116.5985	116.61756		116.55485	116.79189	116.83968	116.8221	117.27932	117.02619	116.92173	116.87402	116.87837	116.89424	116.88824
670	121.36746	115.36746	118.36746		117.29326	117.37275	116.84176	117.1459	117.62204	117.36812	117.35346	117.36497	117.18431	117.2022	117.27488		117.23368	117.45039	117.42768	117.4472	117.80109	117.58907	117.50775	117.50393	117.45051	117.48252	117.48938
710	121.89576	115.89576	118.89576		117.75066	117.84907	117.42827	117.69419	118.10528	117.82753	117.86868	117.86912	117.72021	117.66225	117.77753		117.75621	117.95087	117.86393	117.92092	118.17199	118.00689	117.9437	117.98113	117.8718	117.92163	117.93891
750	121.24160	117.24160	119.2416		118.05841	118.1725	117.84775	118.08238	118.42902	118.13832	118.22735	118.21128	118.10355	117.97454	118.12451		118.12174	118.2967	118.15209	118.24209	118.39217	118.27749	118.23265	118.30668	118.144	118.21171	118.23773
800	121.34046	117.34046	119.34046		118.15413	118.27948	118.03333	118.24269	118.52953	118.23555	118.3609	118.32899	118.26596	118.07454	118.25051		118.26209	118.4197	118.23004	118.34252	118.40495	118.34028	118.31108	118.41397	118.20573	118.29068	118.32210
850	121.23787	117.23787	119.23787		118.07479	118.20338	118.02605	118.21156	118.44584	118.15816	118.31026	118.25919	118.24353	118.00089	118.19337		118.2131	118.35793	118.13291	118.26041	118.24639	118.232	118.2136	118.34145	118.09503	118.19312	118.22859
900	120.99748	116.99748	118.99748		117.88001	118.00963	117.88793	118.05395	118.23975	117.96758	118.13696	118.06376	118.09753	117.81087	118.01480		118.03933	118.17311	117.92488	118.06378	117.98374	118.01367	118.00334	118.15226	117.87048	117.98159	118.02062
950	120.68550	116.68550	118.6855		117.62687	117.75543	117.67162	117.82152	117.9676	117.71693	117.89534	117.80057	117.87831	117.55663	117.76908		117.79593	117.92007	117.66071	117.8041	117.67472	117.73963	117.73822	117.8994	117.59173	117.71211	117.75366
1000	120.38599	116.38599	118.38599		117.3992	117.52362	117.45675	117.59648	117.71611	117.48416	117.6656	117.55574	117.66573	117.32801	117.53914		117.56601	117.68292	117.41867	117.56688	117.40483	117.4909	117.49887	117.66439	117.34442	117.46709	117.51050
1060	120.15264	116.15264	118.15264		117.23297	117.35202	117.29748	117.42618	117.52624	117.31512	117.49606	117.37056	117.5049	117.16239	117.36839		117.39014	117.50662	117.24491	117.39412	117.21181	117.31264	117.32907	117.49226	117.16696	117.29067	117.33392
1120	119.93874	115.93874	117.93874		117.08281	117.19952	117.14306	117.26636	117.35436	117.16134	117.33795	117.19977	117.35105	117.01131	117.21075		117.2267	117.34306	117.09094	117.23291	117.04756	117.15702	117.1931	117.33615	117.01203	117.13234	117.17718
1180	119.68881	115.68881	117.68881		116.89123	117.00161	116.94105	117.05916	117.138	116.96399	117.13448	116.98671	117.14781	116.81918	117.00832		117.01011	117.12935	116.88703	117.02933	116.84966	116.95677	117.0038	117.12978	116.81602	116.93078	116.97426
1250	119.34109	115.34109	117.34109		116.60345	116.70457	116.63736	116.7533	116.83098	116.66866	116.83145	116.67691	116.84179	116.53238	116.70808		116.7005	116.81995	116.59005	116.73024	116.55968	116.66216	116.71601	116.83294	116.52823	116.63342	116.67732
1320	118.93048	114.93048	116.93048		116.2379	116.33055	116.26839	116.38008	116.45187	116.30719	116.46239	116.29855	116.47028	116.17596	116.33832		116.31655	116.44125	116.22565	116.35945	116.20372	116.29886	116.362	116.46971	116.16919	116.26638	116.31128
1400	118.54845	114.54845	116.54845		115.89991	115.98661	115.91621	116.03001	116.0993	115.97058	116.11727	115.94644	116.12104	115.84279	115.99302		115.95971	116.08556	115.88504	116.01182	115.87606	115.9581	116.03095	116.13137	115.83584	115.92224	115.96967
1500	118.20386	114.20386	116.20386		115.58883	115.66988	115.59472	115.70947	115.77581	115.66362	115.80292	115.6268	115.80047	115.53832	115.67708		115.63641	115.76188	115.57542	115.69799	115.57902	115.64474	115.71287	115.82189	115.52957	115.61129	115.65711
1600	118.75851	112.75851	115.75851		115.16849	115.2509	115.16469	115.28049	115.35075	115.2454	115.38248	115.201	115.37091	115.12236	115.25375		115.22082	115.34236	115.17018	115.28024	115.17124	115.22999	115.30318	115.41248	115.11611	115.19935	115.24460
1700	118.16370	112.16370	115.1637		114.59613	114.67819	114.5823	114.69582	114.77217	114.67109	114.80793	114.61937	114.78796	114.54839	114.67593		114.64514	114.77199	114.6047	114.72127	114.61487	114.65525	114.73601	114.83939	114.54218	114.62662	114.67574
1800	117.47423	111.47423	114.47423		113.93058	114.01161	113.90221	114.01101	114.09756	113.99632	114.1312	113.93593	114.10083	113.86884	113.99861		113.96389	114.09506	113.93436	114.04995	113.95002	113.98068	114.06239	114.16287	113.87421	113.95258	114.00260
1900	116.83568	110.83568	113.83568		113.31138	113.39185	113.27185	113.37898	113.47229	113.37358	113.50575	113.3049	113.46634	113.24348	113.37204		113.33479	113.46819	113.31736	113.41929	113.33156	113.35996	113.44124	113.53698	113.25603	113.33177	113.37972
2000	116.41731	110.41731	113.41731		112.90853	112.98829	112.86012	112.96612	113.06329	112.96879	113.09816	112.89331	113.05167	112.83818	112.96365		112.92468	113.06057	112.91717	113.01663	112.93906	112.96329	113.04058	113.12996	112.85775	112.93019	112.97799
2120	116.42199	110.42199	113.42199		112.92249	113.00041	112.86924	112.97671	113.07175	112.98547	113.11071	112.90378	113.05981	112.85608	112.97565		112.93277	113.07049	112.93286	113.02978	112.96656	112.9886	113.05964	113.14281	112.8825	112.94683	112.99528
2240	116.74094	110.74094	113.74094		113.23219	113.30786	113.18779	113.30046	113.37948	113.31355	113.43672	113.22898	113.38145	113.1881	113.29566		113.24819	113.38766	113.26414	113.33551	113.30248	113.32371	113.39235	113.46845	113.21877	113.28476	113.32260
2360	117.12377	111.12377	114.12377		113.61485	113.68994	113.56915	113.68434	113.759	113.70611	113.82787	113.6178	113.76878	113.58328	113.68211		113.63953	113.77539	113.66598	113.72974	113.71273	113.72198	113.79102	113.86189	113.61398	113.68613	113.71984
2500	117.48315	111.48315	114.48315		113.98434	114.05808	113.9315	114.04699	114.13342	114.0792	114.19599	113.98209	114.13081	113.95255	114.04950		114.00717	114.15186	114.04039	114.11741	114.10988	114.0973	114.16885	114.2361	113.99465	114.06003	114.09836
2650	117.47164	111.47164	114.47164		113.98077	114.05666	113.91649	114.02866	114.14107	114.07114	114.18644	113.96656	114.10901	113.93477	114.03916		113.99555	114.15231	114.03561	114.11629	114.12009	114.09543	114.16615	114.22897	113.99842	114.04978	114.09586
2800	117.12621	111.12621	114.12621		113.64226	113.71487	113.56945	113.67336	113.80366	113.72434	113.83613	113.61881	113.7505	113.58025	113.69136		113.64691	113.8188	113.69032	113.77385	113.7909	113.75348	113.82289	113.88362	113.6682	113.70462	113.75536
3000	117.01383	111.01383	114.01383		113.55071	113.62078	113.46245	113.56448	113.70484	113.61505	113.72418	113.51384	113.63148	113.46976	113.58576		113.54601	113.72702	113.57693	113.66905	113.69481	113.65443	113.71538	113.7799	113.58286	113.59767	113.65441
3150	117.11876	111.11876	114.11876		113.65747	113.72292	113.58193	113.68181	113.80625	113.72422	113.85075	113.62439	113.73764	113.57962	113.69670		113.66463	113.8539	113.69386	113.77936	113.81452	113.77663	113.8306	113.89278	113.71889	113.70877	113.77339
3350	117.06203	111.06203	114.06203		113.59584	113.6667	113.53772	113.63172	113.73678	113.67093	113.81199	113.57122	113.68456	113.52734	113.64348		113.61799	113.80121	113.65425	113.72509	113.77817	113.73568	113.78787	113.8401	113.68372	113.66023	113.72843
3550	116.93564	110.93564	113.93564		113.48591	113.57719	113.41387	113.51872	113.63627	113.56092	113.69338	113.46811	113.57892	113.43161	113.53649		113.49525	113.66444	113.55382	113.59898	113.66676	113.6319	113.68121	113.73133	113.5827	113.56814	113.61745
3750	116.93089	110.93089	113.93089		113.49008	113.59139	113.42039	113.52459	113.65403	113.57801	113.7016	113.47572	113.59102	113.44158	113.54684		113.49857	113.6625	113.57054	113.60107	113.67899	113.64528	113.69507	113.74136	113.59997	113.57987	113.62732
4000	116.74052	110.74052	113.74052		113.30413	113.40832	113.24004	113.32689	113.48406	113.40383	113.51602	113.28627	113.4082	113.24593	113.36237		113.30094	113.46748	113.39841	113.41287	113.49902	113.46155	113.51658	113.55688	113.42119	113.39489	113.44298
4250	116.30740	110.30740	113.3074		112.88602	112.9944	112.81037	112.88289	113.07758	112.98286	113.06718	112.85763	112.97634	112.81028	112.93456		112.85456	113.02306	112.9684	112.97387	113.07582	113.025	113.08769	113.13022	112.99825	112.96637	113.01032
4500	115.98681	109.98681	112.98681		112.58127	112.67979	112.50384	112.56393	112.77503	112.66734	112.73544	112.54677	112.65832	112.49934	112.62111		112.51685	112.71	112.65141	112.64731	112.75563	112.69611	112.76947	112.81673	112.70184	112.65304	112.69184
4750	116.02351	110.02351	113.02351		112.64402	112.71263	112.5757	112.62676	112.80391	112.71549	112.78733	112.60342	112.71842	112.55791	112.67456		112.5592	112.78302	112.70747	112.72635	112.83327	112.74625	112.8324	112.87922	112.77683	112.70542	112.75494
5000	116.07241	110.07241	113.07241		112.7845	112.83512	112.67445	112.7458	112.89045	112.80535	112.87375	112.72269	112.8529	112.68545	112.78705		112.65185	112.85169	112.81843	112.8727	112.9508	112.86112	112.9487	112.99677	112.88017	112.83624	112.86685
5300	116.34437	110.34437	113.34437		113.2589	113.27405	113.07886	113.17952	113.26045	113.18834	113.24105	113.14954	113.33056	113.10386	113.20651		113.09388	113.20455	113.22606	113.36241	113.33425	113.27533	113.35719	113.40173	113.22091	113.29041	113.27667
5600	117.12330	111.12330	114.1233		114.26643	114.23645	114.01564	114.15199	114.16498	114.09826	114.12794	114.1093	114.34876	114.03017	114.15499		114.1142	114.09684	114.15459	114.38162	114.20037	114.20712	114.27358	114.32386	114.04505	114.27258	114.20698
6000	118.33523	112.33523	115.33523		115.57358	115.50338	115.28122	115.48398	115.42676	115.35821	115.36514	115.4286	115.69584	115.31289	115.44296		115.45786	115.35524	115.40277	115.67193	115.33939	115.44856	115.48131	115.59379	115.22253	115.53532	115.45087
6300	119.63511	113.63511	116.63511		116.84893	116.7578	116.5751	116.82771	116.72989	116.66475	116.63101	116.75214	117.04665	116.63099	116.74650		116.78638	116.67035	116.6835	116.94541	116.4936	116.69699	116.70286	116.90656	116.49655	116.77927	116.71615
6700	120.76473	114.76473	117.76473		117.92562	117.83727	117.70011	117.97407	117.89095	117.79524	117.73391	117.86973	118.17721	117.75599	117.86601		117.91011	117.83005	117.80543	118.03203	117.52144	117.76977	117.7661	118.04239	117.63958	117.83856	117.81555
7100	121.37147	115.37147	118.37147		118.41889	118.35141	118.24628	118.53185	118.48239	118.36284	118.28449	118.40472	118.6996	118.31213	118.40946		118.43811	118.41512	118.35862	118.52814	117.99958	118.28226	118.28012	118.59748	118.24036	118.31375	118.34535
7500	121.67599	115.67599	118.67599		118.53542	118.48197	118.40897	118.71449	118.70615	118.57488	118.46306	118.56679	118.85508	118.51233	118.58191		118.58683	118.65205	118.54605	118.64808	118.09278	118.42009	118.42876	118.79982	118.48574	118.40168	118.50619
8000	121.92461	115.92461	118.92461		118.55318	118.49933	118.46429	118.77983	118.80298	118.68232	118.52124	118.60457	118.90784	118.5755	118.63911		118.67265	118.77429	118.63034	118.66532	118.07246	118.42158	118.45613	118.89954	118.58438	118.37713	118.55538
8500	122.07290	116.07290	119.0729		118.48053	118.40777	118.40912	118.7275	118.74506	118.64635	118.43436	118.56309	118.85533	118.46453	118.57336		118.65238	118.7185	118.54948	118.55983	117.9577	118.30423	118.3562	118.8438	118.47129	118.26331	118.46767
9000	122.20077	116.20077	119.20077		118.44371	118.35727	118.39776	118.70505	118.68444	118.61768	118.33841	118.57547	118.84262	118.35593	118.53183		118.61519	118.63989	118.44082	118.47891	117.84994	118.219	118.27455	118.77113	118.31631	118.18225	118.37880
9500	122.57948	116.57948	119.57948		118.65727	118.52341	118.64191	118.93752	118.85376	118.81261	118.51907	118.8026	119.07788	118.4876	118.73136		118.84884	118.84402	118.60345	118.62951	117.95357	118.34376	118.39108	118.93681	118.3923	118.31315	118.52565
10000	122.97586	116.97586	119.97586		118.68703	118.47965	118.69643	118.98028	118.80121	118.86337	118.62914	118.81851	119.10115	118.4488	118.75056		118.96965	118.89734	118.62355	118.53903	117.96333	118.29941	118.30815	118.94304	118.3246	118.25908	118.51272
10600	125.92252	113.92252	119.92252		118.14159	117.8954	118.10953	118.36542	118.14963	118.39419	118.2235	118.21073	118.45276	117.85975	118.18025		118.50492	118.35287	118.11484	117.95442	117.66522	117.87356	117.78226	118.41799	117.84557	117.78551	118.02972
11200	125.18257	113.18257	119.18257		117.35786	117.13147	117.19215	117.46416	117.30109	117.67855	117.53536	117.28587	117.51779	117.09337	117.35577		117.75125	117.55297	117.46134	117.27615	117.28948	117.35914	117.16019	117.68742	117.32471	117.20386	117.40665
11800	124.67554	112.67554	118.67554		116.72277	116.54654	116.3744	116.72386	116.67641	117.09156	116.97512	116.52216	116.80915	116.53386	116.69758		117.19267	116.96509	117.04799	116.87164	117.0885	117.0679	116.79156	117.18676	117.03914	116.8422	117.00934
12500	124.67611	112.67611	118.67611		116.41663	116.35932	115.92344	116.36409	116.49304	116.8255	116.6502	116.2379	116.58463	116.32647	116.41812		116.96912	116.70782	116.93085	116.92927	117.08518	117.14502	116.83322	117.11919	116.95579	116.84474	116.95202
13200	124.24999	112.24999	118.24999		116.0602	116.12119	115.3957	115.90206	116.1969	116.4922	116.23174	115.84152	116.18566	116.03648	116.04636		116.5895	116.29993	116.70131	116.86803	117.08703	117.13214	116.77647	116.89438	116.86536	116.80134	116.80155
14000	123.85755	111.85755	117.85755		116.232	116.41977	115.48887	116.08954	116.52661	116.55851	116.1689	116.07476	116.49243	116.25336	116.23047		116.64768	116.41153	116.93631	117.31143	117.31549	117.47191	117.15163	117.12336	117.12853	117.13786	117.06357
					PASSED	PASSED	PASSED	PASSED	PASSED	PASSED	PASSED	PASSED	PASSED	PASSED			PASSED	PASSED	PASSED	PASSED	PASSED	PASSED	PASSED	PASSED	PASSED	PASSED	
19000	#REF!																										
20000	#REF!																										

## THD DATA_(NTI
	〔fg=#0000FF,b〕 ST 		〔fg=#0000FF,b〕Test  #1	〔fg=#0000FF,b〕Test  #2	〔fg=#0000FF,b〕Test  #3	〔fg=#0000FF,b〕Test  #4	〔fg=#0000FF,b〕Test  #5	〔fg=#0000FF,b〕Test  #6	〔fg=#0000FF,b〕Test  #7	〔fg=#0000FF,b〕Test  #8	〔fg=#0000FF,b〕Test  #9	〔fg=#0000FF,b〕Test  #10	〔fg=#FF0000,b〕Test  AVG			〔fg=#0000FF,b〕Normal  #1	〔fg=#0000FF,b〕Normal  #2	〔fg=#0000FF,b〕Normal  #3	〔fg=#0000FF,b〕Normal  #4	〔fg=#0000FF,b〕Normal  #5	〔fg=#0000FF,b〕Normal  #6	〔fg=#0000FF,b〕Normal  #7	〔fg=#0000FF,b〕Normal  #8	〔fg=#0000FF,b〕Normal  #9	〔fg=#0000FF,b〕Normal  #10	〔fg=#FF0000,b〕Normal  AVG
100	26.45676		33.97266	32.19484	35.27536	34.20382	29.72669	29.61182	35.61272	32.31318	30.56433	28.35741	32.18328			33.23144	31.34721	31.65785	32.80802	30.84555	29.70407	32.47722	32.91069	31.21749	33.09746	31.92970
106	26.61525		34.29501	32.3905	35.21088	34.38228	29.9495	29.69955	35.77567	32.38146	30.66393	28.54291	32.32917			33.42298	31.46904	31.74866	33.03303	31.18653	29.97498	32.22349	33.05937	31.43565	33.35757	32.09113
112	26.77574		34.60577	32.58277	35.27213	34.512	30.18938	29.79504	35.92259	32.48233	30.79331	28.74012	32.48954			33.63041	31.55956	31.85877	33.26208	31.51708	30.24339	32.12814	33.1802	31.68167	33.61739	32.26787
118	26.99339		34.96428	32.85615	35.46476	34.69582	30.45572	29.96673	36.11965	32.6828	30.98169	28.98726	32.71749			33.89272	31.7411	32.04929	33.56309	31.90679	30.59112	32.17753	33.33225	31.98202	33.94628	32.51822
125	27.28808		35.40645	33.23241	35.7891	34.96486	30.86565	30.23988	36.42419	32.99443	31.29302	29.32301	33.05330			34.26742	32.01558	32.36579	33.96827	32.41229	31.04399	32.33138	33.59294	32.42127	34.37817	32.87971
132	27.94213		36.28356	33.98216	36.6403	35.65024	31.68279	30.9027	37.0913	33.71928	31.9531	30.01363	33.79191			35.04737	32.63235	32.98749	34.78018	33.4169	31.94844	33.00083	34.25602	33.31682	35.21437	33.66008
140	28.78062		37.33063	34.8729	37.6203	36.40163	32.66579	31.43209	37.9275	34.2797	32.75737	30.8217	34.61096			35.99473	33.45262	33.77421	35.77659	34.66127	33.0923	33.73627	35.10524	34.48447	36.19984	34.62775
150	29.71069		38.2974	35.78424	37.48914	37.17921	33.6972	32.21003	38.76298	35.15608	33.61166	31.63266	35.38206			36.85072	34.25826	34.47695	36.84957	36.00913	34.26028	32.67486	35.93028	35.71272	37.18236	35.42051
160	30.26248		38.62656	36.12899	37.55419	37.45824	34.39374	32.45554	39.11343	35.70026	34.07312	31.89246	35.73965			37.07008	34.64777	34.61344	37.41409	36.6946	34.77108	32.63849	36.19825	36.33992	37.63086	35.80186
170	30.94246		38.84461	36.44821	37.66975	37.78193	34.94098	32.6786	39.56165	36.07025	34.60637	32.06162	36.06640			37.31964	35.09304	34.74245	37.89784	37.15955	35.21042	32.51689	36.44512	36.88672	38.00373	36.12754
180	31.49668		38.7607	36.51435	37.60584	37.90228	35.23945	32.60493	39.81238	36.20635	34.96724	31.97682	36.15903			37.3563	35.31051	34.72062	38.09171	37.20708	35.2725	32.17803	36.43389	37.09643	38.03978	36.17069
190	31.76188		38.29739	36.25335	37.19573	37.73384	35.17782	32.24038	39.75648	36.01595	35.04246	31.5734	35.92868			37.11454	35.21905	34.5352	37.912	36.81169	34.93229	31.64913	36.1068	36.89836	37.70724	35.88863
200	31.6864		37.47211	35.62218	36.42431	37.23023	34.73452	31.56334	39.34784	35.46206	34.7761	30.88069	35.35134			36.59089	34.77566	34.10264	37.33515	35.99733	34.19048	30.9308	35.49613	36.30166	36.99333	35.27141
212	31.09358		35.98284	34.36002	34.97255	36.2032	33.60292	30.32032	38.33831	34.31599	33.889	29.62935	34.16145			35.50681	33.7797	33.08935	36.1033	34.49277	32.78585	29.75013	34.3628	34.9795	35.6561	34.05063
224	30.0203		34.09708	32.68527	33.07824	34.78234	31.99315	28.71683	36.91617	32.71566	32.53332	28.05949	32.55776			34.01497	32.33278	31.64033	34.37886	32.53473	30.92329	28.31163	32.8136	33.15118	33.90133	32.40027
236	28.4856		31.75536	30.59272	30.83975	32.96115	29.95278	26.73872	35.00571	30.66476	30.65729	26.13762	30.53059			32.11151	30.37647	29.76784	32.19387	30.15007	28.61836	26.58363	30.78689	30.80209	31.74047	30.31312
250	26.47826		28.93133	28.05893	28.27275	30.65876	27.41018	24.33319	32.59831	28.15833	28.27833	23.80298	28.05031			29.80869	27.87117	27.46196	29.44924	27.23503	25.88475	24.54748	28.26151	27.91716	29.12747	27.75645
265	24.50496		26.31602	25.71002	26.03851	28.50814	24.8553	22.15455	30.29448	25.59014	25.99709	21.67416	25.71384			27.7527	25.46882	25.38247	26.82833	24.5394	23.39852	22.74359	25.869	25.21379	26.68068	25.38773
280	22.31943		23.70848	23.32744	23.78748	26.21108	22.36763	19.97527	27.86339	23.14018	23.58667	19.59051	23.35581			25.61362	22.96803	23.32813	24.20975	21.97034	20.9292	20.95094	23.4589	22.52523	24.23043	23.01846
300	19.49272		20.6203	20.46594	20.95618	23.34763	19.36119	17.46174	24.79339	20.16436	20.59493	17.18706	20.49527			22.98115	19.93904	20.82284	21.06062	19.01746	18.08516	18.85323	20.60156	19.40574	21.3347	20.21015
315	17.56155		18.63109	18.59266	19.07423	21.41901	17.39983	15.83337	22.71956	18.18851	18.58175	15.68309	18.61231			21.19433	17.95233	19.09524	19.00795	17.16987	16.29469	17.44633	18.75702	17.42977	19.47713	18.38247
335	15.31824		16.35889	16.47841	16.92102	19.17929	15.23717	14.06601	20.30309	15.92046	16.26049	14.00704	16.47319			19.0415	15.68273	17.01099	16.68427	15.12671	14.31866	15.76813	16.63078	15.26725	17.3919	16.29229
355	13.48688		14.49957	14.77477	15.15702	17.23882	13.53861	12.6665	18.27203	14.03076	14.39258	12.68433	14.72550			17.16459	13.79028	15.24574	14.78948	13.47871	12.76564	14.34708	14.80418	13.60133	15.66411	14.56511
375	12.00905		12.99406	13.38157	13.72221	15.52251	12.21373	11.57249	16.54331	12.47899	12.89598	11.63192	13.29568			15.54218	12.26789	13.78765	13.25034	12.16018	11.55668	13.13005	13.28362	12.31996	14.21842	13.15170
400	10.67033		11.66425	12.10188	12.37762	13.85303	11.08593	10.65178	14.89224	11.0674	11.58923	10.73683	12.00202			13.96179	10.95642	12.46345	11.83746	10.98912	10.51462	11.94394	11.93741	11.29079	12.842	11.87370
425	9.70433		10.71648	11.17815	11.38729	12.60112	10.31656	10.0776	13.63632	10.06127	10.6904	10.17738	11.08426			12.74439	10.09914	11.53991	10.83646	10.16074	9.82588	11.06188	11.03388	10.65268	11.82717	10.97821
450	8.95655		9.99659	10.46066	10.54088	11.60154	9.73882	9.67821	12.62279	9.3466	10.02326	9.78775	10.37971			11.76201	9.49974	10.82905	10.07528	9.51186	9.30983	10.37249	10.37133	10.22304	11.01832	10.29730
475	8.31619		9.37711	9.83278	9.81647	10.75305	9.24644	9.32351	11.73475	8.73831	9.4511	9.43028	9.77038			10.92321	9.00819	10.18889	9.40665	8.91918	8.84325	9.74254	9.80469	9.85507	10.29552	9.69872
500	7.71402		8.77406	9.21562	9.17382	9.97672	8.76586	8.94938	10.93308	8.1809	8.90915	9.02592	9.19045			10.1438	8.54353	9.57297	8.76784	8.34348	8.36655	9.09848	9.26216	9.48249	9.59272	9.11740
530	7.07798		8.0931	8.52149	8.50018	9.17732	8.22602	8.53234	10.07446	7.59499	8.2925	8.52999	8.55424			9.28767	8.03456	8.84022	8.04438	7.68697	7.80923	8.35	8.66842	9.03445	8.76947	8.45254
560	6.57748		7.54204	7.92819	7.93519	8.52936	7.76114	8.14329	9.35227	7.13311	7.80012	8.09956	8.02243			8.57614	7.62697	8.20232	7.44925	7.15771	7.3645	7.68009	8.18145	8.62559	8.06781	7.89318
600	6.10834		7.0332	7.32717	7.39915	7.89253	7.28013	7.73634	8.60825	6.70757	7.31235	7.65126	7.49479			7.8873	7.25476	7.58759	6.87564	6.6601	6.92953	6.97245	7.6961	8.17053	7.36186	7.33959
630	5.83138		6.72416	6.9661	7.09786	7.53562	6.98383	7.45868	8.16084	6.48506	7.02659	7.35712	7.17959			7.4853	7.03842	7.24321	6.55045	6.34393	6.64925	6.56834	7.39347	7.86542	6.96146	7.00992
670	5.46057		6.32292	6.51553	6.73953	7.09402	6.57406	7.04876	7.60325	6.19437	6.65278	6.92827	6.76735			7.01139	6.71347	6.80114	6.16356	5.90583	6.24625	6.09112	6.96229	7.40343	6.475	6.57735
710	5.08315		5.92156	6.05785	6.34378	6.64044	6.13896	6.57183	7.0442	5.856	6.26075	6.44914	6.32845			6.5306	6.3254	6.32635	5.77183	5.44207	5.7967	5.63363	6.48413	6.88493	5.98259	6.11782
750	4.72141		5.53284	5.60416	5.99978	6.18666	5.68523	6.07766	6.49435	5.48031	5.86857	5.9645	5.88941			6.04956	5.91134	5.84542	5.37395	4.9957	5.35446	5.20994	6.00084	6.32927	5.50582	5.65763
800	4.25604		5.02048	5.04015	5.49223	5.59372	5.10709	5.45018	5.7993	4.97728	5.33359	5.36236	5.31764			5.41467	5.35133	5.23218	4.87268	4.46384	4.80733	4.71348	5.37771	5.62931	4.92237	5.07849
850	3.86244		4.58419	4.55876	5.00242	5.06094	4.60336	4.9109	5.18284	4.52282	4.86602	4.85446	4.81467			4.85923	4.8509	4.69624	4.43392	4.0219	4.34901	4.30968	4.84229	5.01645	4.43456	4.58142
900	3.55608		4.25655	4.18796	4.61065	4.63214	4.19429	4.48202	4.6902	4.16605	4.50672	4.45685	4.41834			4.43942	4.45419	4.28034	4.10787	3.69419	3.99839	4.00337	4.41758	4.51692	4.07071	4.19830
950	3.26453		3.94916	3.86064	4.26111	4.25172	3.82567	4.0914	4.26949	3.83877	4.16975	4.09352	4.06112			4.06879	4.0872	3.91314	3.81165	3.39448	3.66928	3.71498	4.03542	4.07946	3.74001	3.85144
1000	2.95312		3.6246	3.5286	3.90924	3.8866	3.46784	3.70615	3.86954	3.50384	3.83214	3.72932	3.70579			3.70645	3.72231	3.55156	3.50629	3.08477	3.32782	3.40764	3.66236	3.66793	3.4037	3.50408
1060	2.55736		3.21416	3.11625	3.465	3.43289	3.03899	3.24129	3.388	3.08719	3.40035	3.28069	3.26648			3.26343	3.26634	3.10929	3.10969	2.70266	2.90963	3.00901	3.21418	3.1905	2.99245	3.07672
1120	2.22147		2.85969	2.7676	3.07699	3.03774	2.67825	2.85242	2.98402	2.727	3.02819	2.90226	2.89142			2.88441	2.884	2.74008	2.76836	2.38001	2.56123	2.67628	2.83526	2.79209	2.64953	2.71712
1180	1.94298		2.56928	2.48073	2.7557	2.71509	2.37975	2.54066	2.65518	2.4319	2.71767	2.59164	2.58376			2.58121	2.56878	2.44016	2.48434	2.11983	2.27293	2.40466	2.52231	2.46661	2.36948	2.42303
1250	1.63115		2.23294	2.15186	2.39735	2.36073	2.05774	2.19398	2.30693	2.10466	2.36383	2.24329	2.24133			2.24255	2.21863	2.11005	2.15803	1.81817	1.94767	2.08851	2.18412	2.12486	2.05108	2.09437
1320	1.41337		1.99936	1.9197	2.14926	2.114	1.83007	1.95685	2.06415	1.87675	2.12333	2.00512	2.00386			2.0104	1.97681	1.8829	1.93094	1.6014	1.71761	1.86494	1.9492	1.88965	1.82623	1.86501
1400	1.24987		1.82782	1.75197	1.96434	1.92972	1.65814	1.78185	1.87683	1.70811	1.94894	1.832	1.82797			1.83725	1.79341	1.71248	1.76802	1.44224	1.54762	1.69923	1.77329	1.71036	1.65961	1.69435
1500	1.06758		1.63901	1.56963	1.76046	1.72993	1.47473	1.59411	1.67265	1.52507	1.76344	1.64572	1.63748			1.64453	1.58764	1.52504	1.59019	1.25987	1.3677	1.52325	1.58504	1.51848	1.47586	1.50776
1600	0.91625		1.49553	1.42337	1.59875	1.5684	1.33475	1.44654	1.50118	1.38129	1.62119	1.49839	1.48694			1.49944	1.42982	1.37695	1.45136	1.11515	1.22083	1.38093	1.43493	1.35676	1.33121	1.35974
1700	0.80923		1.38761	1.30815	1.47767	1.44907	1.23223	1.3368	1.37436	1.27705	1.51099	1.39195	1.37459			1.3924	1.32093	1.26555	1.34019	0.99885	1.10561	1.27207	1.31988	1.23613	1.21892	1.24705
1800	0.73288		1.29573	1.20758	1.37357	1.34842	1.14321	1.24364	1.2706	1.18916	1.41431	1.30357	1.27898			1.29677	1.2358	1.17042	1.24266	0.90629	1.00895	1.17615	1.21834	1.13915	1.1181	1.15126
1900	0.65338		1.18803	1.09775	1.2523	1.23368	1.04263	1.13413	1.15142	1.08896	1.30304	1.20064	1.16926			1.18546	1.13272	1.06445	1.13325	0.8141	0.90951	1.06809	1.10688	1.03583	1.01243	1.04627
2000	0.57507		1.06853	0.98218	1.1242	1.1132	0.93787	1.01863	1.02859	0.98219	1.1834	1.08854	1.05273			1.06812	1.02416	0.95396	1.0194	0.72549	0.80819	0.95486	0.99444	0.93295	0.90406	0.93856
2120	0.50686		0.94488	0.86554	0.99128	0.98896	0.83265	0.90057	0.90165	0.8729	1.06103	0.9709	0.93304			0.94914	0.91221	0.83828	0.90288	0.63553	0.70991	0.84131	0.87997	0.82841	0.79569	0.82933
2240	0.45122		0.82741	0.75972	0.8667	0.87	0.73315	0.78877	0.78377	0.76941	0.94129	0.85709	0.81973			0.83439	0.80192	0.73157	0.79515	0.55216	0.62111	0.73574	0.77098	0.72738	0.69549	0.72659
2360	0.43288		0.72913	0.66981	0.761	0.76453	0.64492	0.68955	0.68433	0.6782	0.83433	0.7577	0.72135			0.73362	0.70345	0.63964	0.70519	0.48349	0.54373	0.64921	0.67465	0.63758	0.61366	0.63842
2500	0.40337		0.64727	0.58164	0.66565	0.65643	0.56071	0.59506	0.58813	0.58183	0.71348	0.66855	0.62587			0.6382	0.60915	0.5539	0.61956	0.42712	0.46436	0.56878	0.58045	0.54084	0.54242	0.55448
2650	0.3491		0.53275	0.472	0.53931	0.54186	0.45849	0.48343	0.48281	0.46099	0.57523	0.55721	0.51041			0.5135	0.49704	0.45248	0.50954	0.34887	0.36646	0.46798	0.46645	0.44356	0.44522	0.45111
2800	0.29969		0.42106	0.36798	0.41795	0.42966	0.3582	0.37226	0.37879	0.3476	0.44895	0.45261	0.39951			0.38727	0.38076	0.37591	0.39851	0.27889	0.2772	0.36957	0.36392	0.35766	0.35206	0.35418
3000	0.27076		0.33099	0.28653	0.32083	0.34413	0.27021	0.28045	0.28963	0.26621	0.38154	0.36605	0.31366			0.28819	0.27572	0.29743	0.32223	0.22363	0.21284	0.29977	0.29022	0.29282	0.27882	0.27817
3150	0.26692		0.30573	0.25717	0.28883	0.32249	0.24215	0.25007	0.25745	0.24991	0.38258	0.33592	0.28923			0.25468	0.2344	0.27406	0.30445	0.20716	0.20138	0.28602	0.27441	0.27706	0.25407	0.25677
3350	0.27131		0.31716	0.2616	0.29491	0.32962	0.23629	0.24881	0.25554	0.26561	0.43396	0.33978	0.29833			0.25283	0.23653	0.28584	0.33077	0.2201	0.21975	0.31171	0.29129	0.29115	0.26349	0.27035
3550	0.29404		0.36844	0.30127	0.33145	0.35572	0.26037	0.27772	0.28572	0.29743	0.48714	0.37398	0.33392			0.28037	0.26649	0.32748	0.39031	0.27561	0.27044	0.36241	0.32651	0.32206	0.3101	0.31318
3750	0.32788		0.45414	0.36586	0.39422	0.40647	0.3076	0.33349	0.33952	0.35028	0.56006	0.43329	0.39449			0.34195	0.32868	0.39489	0.46357	0.36223	0.34496	0.43462	0.38504	0.37361	0.38841	0.38180
4000	0.34087		0.53113	0.42042	0.44107	0.45757	0.34479	0.3848	0.38725	0.39753	0.66294	0.4841	0.45116			0.39546	0.38024	0.45649	0.50563	0.43917	0.4181	0.49377	0.44145	0.42763	0.45813	0.44161
4250	0.39322		0.62376	0.48069	0.49306	0.50989	0.37387	0.42565	0.43166	0.45671	0.77734	0.51605	0.50887			0.43581	0.40298	0.49662	0.54966	0.49774	0.48271	0.54446	0.48872	0.47137	0.5128	0.48829
4500	0.46935		0.7396	0.56444	0.58983	0.56662	0.41953	0.48453	0.49661	0.54218	0.86179	0.56849	0.58336			0.50685	0.4428	0.54459	0.61692	0.57113	0.55885	0.61358	0.54877	0.52526	0.58387	0.55126
4750	0.55821		0.80933	0.6205	0.65771	0.60317	0.4584	0.53832	0.54662	0.60767	0.90775	0.60578	0.63553			0.56888	0.49132	0.57788	0.66163	0.63809	0.62354	0.67	0.5994	0.57799	0.63437	0.60431
5000	0.6644		0.85469	0.65809	0.70471	0.62515	0.49886	0.58922	0.58773	0.65092	0.91798	0.63901	0.67264			0.61441	0.53824	0.62207	0.70313	0.70119	0.67891	0.71594	0.63728	0.62541	0.67062	0.65072
5300	0.74838		0.86201	0.68646	0.72855	0.6327	0.53251	0.63086	0.62039	0.66679	0.89383	0.66046	0.69146			0.64239	0.579	0.65626	0.71416	0.7584	0.71308	0.74523	0.65564	0.67159	0.6967	0.68325
5600	0.7913		0.85107	0.69054	0.72001	0.62878	0.54798	0.65311	0.63794	0.66863	0.85158	0.6656	0.69152			0.64822	0.58418	0.65712	0.68733	0.78149	0.72904	0.7473	0.64685	0.69128	0.70222	0.68750
6000	0.81791		0.78898	0.66668	0.70529	0.6173	0.53473	0.64736	0.61798	0.65822	0.81112	0.63499	0.66826			0.63075	0.56599	0.63064	0.63549	0.73635	0.69679	0.70726	0.6338	0.68083	0.66411	0.65820
6300	0.82713		0.7121	0.61783	0.662	0.58624	0.50942	0.60632	0.58275	0.62751	0.76268	0.59546	0.62623			0.59064	0.5264	0.58835	0.58367	0.68263	0.648	0.65506	0.60772	0.65002	0.60661	0.61391
6700	0.79999		0.62441	0.56202	0.61258	0.54042	0.47963	0.56422	0.53477	0.58779	0.67002	0.54344	0.57193			0.54028	0.48893	0.53623	0.53949	0.61348	0.58578	0.58935	0.56753	0.60627	0.5393	0.56066
7100	0.73257		0.49009	0.47029	0.5234	0.45916	0.4244	0.49449	0.46139	0.51126	0.53514	0.46824	0.48379			0.4702	0.44281	0.46851	0.46459	0.52911	0.50662	0.4983	0.49529	0.54634	0.44907	0.48708
7500	0.6613		0.34624	0.35954	0.3995	0.37262	0.35976	0.41317	0.37062	0.41942	0.42721	0.3826	0.38507			0.37887	0.38748	0.3948	0.36885	0.44081	0.42612	0.40441	0.41849	0.47879	0.35411	0.40527
8000	0.55195		0.24818	0.27473	0.30015	0.30997	0.3024	0.33477	0.29438	0.33959	0.34814	0.30581	0.30581			0.29499	0.32316	0.3226	0.29861	0.35311	0.35297	0.32289	0.34281	0.4012	0.28166	0.32940
8500	0.42117		0.20175	0.22862	0.24364	0.26855	0.25399	0.27093	0.24009	0.28462	0.30152	0.24646	0.25402			0.2415	0.26871	0.26639	0.24402	0.28224	0.2949	0.26108	0.2876	0.32801	0.23998	0.27144
9000	0.33585		0.18255	0.20181	0.21883	0.24072	0.21692	0.2244	0.20351	0.25002	0.27037	0.20758	0.22167			0.21038	0.22816	0.22499	0.21695	0.22118	0.2457	0.21254	0.25086	0.25836	0.20886	0.22780
9500	0.28572		0.16679	0.17813	0.19932	0.21592	0.18986	0.18793	0.17574	0.21697	0.23739	0.17786	0.19459			0.18572	0.19632	0.19695	0.19587	0.17685	0.20325	0.1731	0.22324	0.20705	0.17909	0.19374
10000	0.24112		0.15488	0.1505	0.16556	0.1889	0.16757	0.15769	0.15927	0.18298	0.20303	0.15831	0.16887			0.16217	0.16819	0.17254	0.16978	0.15486	0.17472	0.14751	0.19229	0.17704	0.15456	0.16737
10600	0.19537		0.15407	0.13783	0.14814	0.17083	0.14861	0.14937	0.14661	0.16192	0.17848	0.14126	0.15371			0.14608	0.14945	0.15393	0.15217	0.13422	0.1555	0.1333	0.16274	0.15862	0.13974	0.14858
11200	0.18102		0.14937	0.12686	0.1332	0.15643	0.13739	0.13559	0.13982	0.1464	0.16083	0.13006	0.14159			0.13652	0.13421	0.14157	0.14374	0.12286	0.1444	0.12805	0.14209	0.14577	0.12781	0.13670
11800	0.17805		0.15168	0.13046	0.13345	0.15838	0.14051	0.1377	0.14257	0.14678	0.15788	0.13309	0.14325			0.13785	0.13598	0.14314	0.14072	0.12651	0.14531	0.13471	0.14242	0.14794	0.1292	0.13838
12500	0.17327		0.15112	0.13715	0.13781	0.16148	0.14477	0.14201	0.14602	0.14689	0.15895	0.13696	0.14632			0.14199	0.1399	0.14566	0.13953	0.1298	0.14404	0.13615	0.14581	0.15129	0.13114	0.14053
13200	0.16533		0.15214	0.14239	0.14011	0.15665	0.14454	0.14305	0.14499	0.14284	0.15601	0.1381	0.14608			0.14246	0.13724	0.14509	0.14017	0.12943	0.14002	0.13367	0.14573	0.14675	0.1315	0.13921
14000	0.16322		0.13795	0.1429	0.1388	0.1499	0.14242	0.14116	0.14435	0.13976	0.15073	0.13696	0.14249			0.14251	0.1346	0.14152	0.13934	0.121	0.12978	0.12806	0.14275	0.13578	0.12643	0.13418

## IMP  DATA_(NTI
	〔fg=#0000FF,b〕 ST 		〔fg=#0000FF,b〕Test  #1	〔fg=#0000FF,b〕Test  #2	〔fg=#0000FF,b〕Test  #3	〔fg=#0000FF,b〕Test  #4	〔fg=#0000FF,b〕Test  #5	〔fg=#0000FF,b〕Test  #6	〔fg=#0000FF,b〕Test  #7	〔fg=#0000FF,b〕Test  #8	〔fg=#0000FF,b〕Test  #9	〔fg=#0000FF,b〕Test  #10	〔fg=#FF0000,b〕Test  AVG		〔fg=#0000FF,b〕Normal #1	〔fg=#0000FF,b〕Normal #2	〔fg=#0000FF,b〕Normal #3	〔fg=#0000FF,b〕Normal #4	〔fg=#0000FF,b〕Normal #5	〔fg=#0000FF,b〕Normal #6	〔fg=#0000FF,b〕Normal #7	〔fg=#0000FF,b〕Normal #8	〔fg=#0000FF,b〕Normal #9	〔fg=#0000FF,b〕Normal #10	〔fg=#FF0000,b〕Normal AVG
100	6.49294		6.38157	6.48323	6.51611	6.52622	6.40796	6.40975	6.39807	6.5314	6.48574	6.51273	6.46528		6.51332	6.43306	6.45355	6.42407	6.47094	6.51627	6.39105	6.45128	6.4994	6.49638	6.46493
106	6.55578		6.4464	6.54707	6.57999	6.58632	6.47085	6.47338	6.46245	6.59133	6.54452	6.57375	6.52761		6.56715	6.49765	6.51719	6.48681	6.52363	6.57892	6.45403	6.5142	6.55704	6.55878	6.52554
112	6.60803		6.49762	6.59884	6.62999	6.63476	6.52113	6.5229	6.5126	6.6394	6.59311	6.62192	6.57723		6.61321	6.54918	6.56848	6.53727	6.56853	6.63081	6.50299	6.56411	6.60385	6.60882	6.57472
118	6.65121		6.54064	6.64108	6.67146	6.67616	6.56211	6.56573	6.55507	6.67777	6.63534	6.66286	6.61882		6.65412	6.59128	6.6103	6.57799	6.60485	6.67292	6.54452	6.60433	6.6426	6.64892	6.61518
125	6.69241		6.58147	6.68169	6.7131	6.71561	6.60187	6.60557	6.59474	6.71546	6.67456	6.70359	6.65877		6.69498	6.63277	6.65204	6.61792	6.64125	6.71452	6.58493	6.64282	6.68062	6.68746	6.65493
132	6.72645		6.61668	6.7151	6.74769	6.74913	6.6359	6.63895	6.62976	6.74884	6.70823	6.7367	6.69270		6.72629	6.6673	6.68663	6.65082	6.67243	6.74929	6.61842	6.67652	6.71363	6.72059	6.68819
140	6.75953		6.65165	6.74808	6.78166	6.78231	6.66951	6.67297	6.66329	6.78058	6.74113	6.76862	6.72598		6.75956	6.70159	6.72115	6.68417	6.70364	6.7837	6.65105	6.70927	6.74559	6.7534	6.72131
150	6.79496		6.68874	6.78455	6.81566	6.81829	6.70542	6.70832	6.69831	6.81497	6.77699	6.80357	6.76148		6.79411	6.73798	6.75699	6.72075	6.73821	6.82146	6.68682	6.74523	6.78118	6.78917	6.75719
160	6.82622		6.72024	6.81615	6.84642	6.84841	6.73578	6.73887	6.72922	6.84536	6.80759	6.83316	6.79212		6.82639	6.76973	6.78704	6.75152	6.76745	6.85369	6.71734	6.77546	6.81131	6.81922	6.78791
170	6.85383		6.74793	6.84374	6.87298	6.87526	6.76218	6.76589	6.75661	6.87172	6.83431	6.86011	6.81907		6.8543	6.79751	6.81464	6.7779	6.79265	6.88225	6.74446	6.80335	6.83823	6.84651	6.81518
180	6.87817		6.77325	6.8678	6.89704	6.89792	6.78633	6.78969	6.78038	6.89528	6.85834	6.88385	6.84299		6.87754	6.82215	6.83977	6.80241	6.8157	6.90799	6.76802	6.82706	6.86171	6.87133	6.83937
190	6.89988		6.79627	6.89061	6.91881	6.91902	6.80792	6.81091	6.8019	6.91661	6.87992	6.90561	6.86476		6.89881	6.84359	6.8618	6.82446	6.83638	6.93104	6.78973	6.84904	6.88417	6.89322	6.86122
200	6.91974		6.8177	6.91113	6.93804	6.93841	6.82785	6.83098	6.8218	6.93611	6.89984	6.92603	6.88479		6.91837	6.86339	6.88221	6.84408	6.85549	6.95264	6.81041	6.86902	6.90353	6.91326	6.88124
212	6.94298		6.8412	6.93519	6.96076	6.96129	6.85066	6.85378	6.84445	6.95692	6.92276	6.94913	6.90761		6.94025	6.88613	6.90634	6.86704	6.87744	6.97595	6.83354	6.89205	6.92679	6.93612	6.90416
224	6.96379		6.86285	6.95632	6.98201	6.98186	6.87184	6.87508	6.86659	6.97897	6.94368	6.97054	6.92897		6.96123	6.90736	6.92761	6.88888	6.89826	6.99851	6.85494	6.91332	6.94802	6.95694	6.92551
236	6.98391		6.8849	6.977	7.00182	7.00203	6.89261	6.89608	6.88656	6.99903	6.96357	6.99114	6.94947		6.98171	6.92745	6.94878	6.90977	6.91936	7.01948	6.87576	6.93352	6.9682	6.97828	6.94623
250	7.00704		6.90967	7.00224	7.02537	7.02438	6.91621	6.9193	6.91031	7.02254	6.98647	7.01646	6.97330		7.00469	6.95071	6.97271	6.93367	6.94381	7.04444	6.90042	6.95767	6.99212	7.00399	6.97042
265	7.0295		6.93636	7.02886	7.04887	7.04787	6.94037	6.94517	6.93586	7.04676	7.01087	7.04106	6.99820		7.02933	6.97533	6.99934	6.95932	6.97018	7.07115	6.92634	6.9826	7.01761	7.03058	6.99618
280	7.05318		6.96427	7.05592	7.07495	7.07279	6.96598	6.97187	6.96104	7.07121	7.03558	7.06846	7.02421		7.05505	6.99978	7.02649	6.98633	6.99878	7.09992	6.95359	7.00877	7.04509	7.05828	7.02321
300	7.08682		7.00422	7.09479	7.11014	7.10717	7.00252	7.0095	6.99644	7.10728	7.07128	7.1075	7.06108		7.09093	7.03614	7.0667	7.02339	7.03911	7.14033	6.99235	7.04568	7.08451	7.09861	7.06177
315	7.11347		7.03652	7.12575	7.13839	7.13335	7.03232	7.0405	7.02541	7.13501	7.10005	7.13827	7.09056		7.11978	7.06557	7.09772	7.05428	7.07325	7.17344	7.02421	7.07469	7.1156	7.13111	7.09297
335	7.15081		7.08337	7.17207	7.18071	7.17228	7.07503	7.08533	7.06738	7.17745	7.14171	7.1851	7.13404		7.16137	7.10805	7.14546	7.0995	7.12426	7.22328	7.07289	7.11889	7.16227	7.17975	7.13957
355	7.19466		7.13671	7.22475	7.22741	7.21646	7.12336	7.13645	7.11436	7.22463	7.18843	7.23777	7.18303		7.20925	7.1564	7.19861	7.15109	7.18242	7.27926	7.12684	7.16947	7.21701	7.23615	7.19265
375	7.24444		7.19898	7.28417	7.28027	7.26577	7.17913	7.19435	7.16683	7.27887	7.24176	7.29725	7.23874		7.26101	7.21087	7.2605	7.2091	7.25072	7.34477	7.18884	7.22599	7.27881	7.29991	7.25305
400	7.31772		7.29013	7.37046	7.35851	7.339	7.26129	7.2805	7.24545	7.3576	7.31917	7.38466	7.32068		7.33986	7.29021	7.3523	7.2954	7.34942	7.44105	7.28055	7.31112	7.37067	7.39491	7.34255
425	7.40775		7.39579	7.47104	7.44799	7.42431	7.35685	7.37998	7.33478	7.45114	7.4083	7.4863	7.41565		7.43219	7.3843	7.45774	7.39643	7.46565	7.55215	7.38652	7.40904	7.47633	7.50647	7.44668
450	7.51383		7.51166	7.58342	7.54801	7.52128	7.46917	7.49413	7.43926	7.55705	7.51137	7.5991	7.52345		7.53768	7.49075	7.57578	7.50954	7.59721	7.67802	7.50441	7.52189	7.59713	7.63048	7.56429
475	7.64022		7.62963	7.70375	7.65464	7.63165	7.59461	7.61996	7.55535	7.67413	7.62503	7.72077	7.64095		7.65504	7.60941	7.70149	7.63174	7.74288	7.81557	7.63135	7.64839	7.73017	7.75667	7.69227
500	7.78525		7.74851	7.82648	7.75771	7.75232	7.72811	7.75268	7.68158	7.79876	7.74753	7.84953	7.76432		7.7802	7.73855	7.83498	7.75848	7.89244	7.95937	7.76559	7.78509	7.86934	7.88535	7.82694
530	7.98164		7.88939	7.979	7.87219	7.90372	7.89117	7.91125	7.83755	7.94989	7.89767	8.0023	7.91341		7.92415	7.90004	7.99271	7.91256	8.06135	8.125	7.92256	7.95133	8.03073	8.04192	7.98624
560	8.18276		8.01799	8.11864	7.98218	8.04951	8.04339	8.04974	7.98739	8.09454	8.04432	8.13267	8.05204		8.05814	8.05077	8.12894	8.05101	8.19371	8.26259	8.05608	8.10097	8.16682	8.1752	8.12442
600	8.40807		8.12566	8.24064	8.12387	8.20246	8.18909	8.16915	8.13805	8.23695	8.18915	8.24314	8.18582		8.19583	8.19746	8.24021	8.17437	8.27917	8.36591	8.16291	8.23558	8.2738	8.28171	8.24069
630	8.52366		8.1585	8.28288	8.19902	8.2778	8.2465	8.20669	8.20605	8.29799	8.25539	8.27527	8.24061		8.25719	8.25804	8.26867	8.21649	8.27904	8.38507	8.18856	8.28387	8.29533	8.30676	8.27390
670	8.55151		8.11826	8.25194	8.21788	8.29315	8.22884	8.17168	8.20349	8.28723	8.262	8.2409	8.22754		8.25467	8.24778	8.21894	8.18778	8.18614	8.32087	8.13679	8.25924	8.23629	8.25423	8.23027
710	8.46085		8.01812	8.15344	8.16641	8.23332	8.13074	8.07024	8.12421	8.20229	8.19536	8.1411	8.14352		8.18095	8.16199	8.10716	8.08843	8.03728	8.19446	8.02392	8.15987	8.11285	8.13861	8.12055
750	8.2894		7.88126	8.01415	8.06305	8.11726	7.98821	7.9306	7.99372	8.06811	8.07852	8.00597	8.01409		8.05782	8.02797	7.9594	7.94906	7.86585	8.03608	7.87684	8.01815	7.958	7.98737	7.97365
800	8.03773		7.69635	7.8229	7.89618	7.93415	7.78415	7.74051	7.80125	7.87352	7.89901	7.82073	7.82687		7.87207	7.83377	7.76653	7.75746	7.65842	7.83361	7.68558	7.81838	7.75988	7.79134	7.77770
850	7.80173		7.52832	7.6466	7.72738	7.75546	7.59642	7.56794	7.61966	7.69212	7.72145	7.65306	7.65084		7.6952	7.64989	7.59296	7.58144	7.48281	7.65507	7.51402	7.6352	7.58401	7.61505	7.60056
900	7.60874		7.39069	7.50125	7.57964	7.5993	7.44329	7.42427	7.46458	7.53965	7.56625	7.51166	7.50206		7.54427	7.49585	7.45078	7.43456	7.34786	7.51108	7.37275	7.48212	7.44274	7.47128	7.45533
950	7.46074		7.28216	7.38591	7.45939	7.47244	7.32101	7.31138	7.34086	7.41979	7.44165	7.40106	7.38356		7.42431	7.37418	7.3403	7.31956	7.24596	7.3994	7.26433	7.36098	7.33551	7.36088	7.34254
1000	7.35228		7.19903	7.29837	7.36449	7.37604	7.22902	7.22597	7.24588	7.32973	7.34336	7.31683	7.29287		7.33152	7.28121	7.25791	7.23295	7.17148	7.31644	7.18164	7.26915	7.25612	7.27696	7.25754
1060	7.26154		7.13004	7.22456	7.28349	7.29182	7.15355	7.15428	7.16755	7.25465	7.2599	7.24705	7.21669		7.25399	7.20237	7.18908	7.16055	7.1126	7.24826	7.11372	7.19315	7.1894	7.20869	7.18718
1120	7.2036		7.08344	7.1763	7.22932	7.23613	7.10234	7.10572	7.11232	7.20307	7.2007	7.19808	7.16474		7.20084	7.14869	7.14321	7.11029	7.07196	7.2005	7.06796	7.14117	7.14302	7.16214	7.13898
1180	7.1655		7.05192	7.14262	7.19222	7.1963	7.06872	7.07195	7.07586	7.16933	7.16203	7.16601	7.12970		7.16536	7.11314	7.11247	7.07747	7.04669	7.17142	7.03751	7.10566	7.11412	7.13064	7.10745
1250	7.13911		7.0306	7.11861	7.16414	7.17024	7.04542	7.04857	7.04902	7.14479	7.13227	7.1426	7.10463		7.1401	7.08849	7.09053	7.05334	7.02986	7.14893	7.01599	7.08144	7.09363	7.10764	7.08500
1320	7.12273		7.01712	7.10603	7.14789	7.15322	7.03204	7.03523	7.0346	7.13187	7.11599	7.12977	7.09038		7.12442	7.0733	7.07757	7.04026	7.02071	7.13715	7.00231	7.06741	7.08241	7.09533	7.07209
1400	7.11375		7.01079	7.09807	7.13909	7.14358	7.02456	7.02782	7.02602	7.12494	7.10584	7.12256	7.08233		7.11637	7.06569	7.07074	7.03173	7.01613	7.13063	6.99471	7.05846	7.07628	7.08921	7.06499
1500	7.11436		7.00989	7.09695	7.13586	7.14035	7.02325	7.02748	7.02263	7.1227	7.1022	7.1215	7.08028		7.11482	7.06381	7.07026	7.03115	7.01908	7.13072	6.99435	7.05655	7.07732	7.0898	7.06479
1600	7.11918		7.01563	7.10262	7.14073	7.14545	7.0297	7.03296	7.02824	7.12877	7.1067	7.12701	7.08578		7.11953	7.06831	7.07569	7.03703	7.02657	7.13695	6.99976	7.06069	7.08441	7.09639	7.07053
1700	7.12909		7.02501	7.11198	7.14831	7.15374	7.03919	7.04246	7.03749	7.13858	7.1155	7.13693	7.09492		7.1282	7.07763	7.08658	7.0469	7.03743	7.14756	7.00947	7.06981	7.09534	7.10721	7.08061
1800	7.1404		7.03659	7.12282	7.15805	7.1635	7.05021	7.05362	7.04895	7.14969	7.12693	7.14876	7.10591		7.13927	7.08944	7.09808	7.05787	7.05014	7.1594	7.02157	7.08153	7.10784	7.11985	7.09250
1900	7.15293		7.04955	7.13448	7.16958	7.17515	7.06287	7.06611	7.06029	7.16202	7.13826	7.16058	7.11789		7.15114	7.10133	7.11034	7.07097	7.06316	7.17315	7.03375	7.09393	7.12068	7.13254	7.10510
2000	7.16651		7.06419	7.14913	7.18366	7.1885	7.07707	7.08096	7.07447	7.17722	7.15162	7.17468	7.13215		7.16443	7.11497	7.12527	7.08509	7.0783	7.18696	7.04854	7.10759	7.1351	7.14638	7.11926
2120	7.18798		7.08536	7.17016	7.20404	7.2102	7.09828	7.10279	7.09711	7.19906	7.17353	7.19678	7.15373		7.18545	7.13644	7.14717	7.10713	7.10038	7.20951	7.0708	7.12965	7.15728	7.16808	7.14119
2240	7.21134		7.10915	7.19373	7.22672	7.23263	7.12288	7.12545	7.11972	7.22244	7.19662	7.22107	7.17704		7.2079	7.16018	7.16977	7.1298	7.12423	7.23342	7.0931	7.15249	7.18154	7.19174	7.16442
2360	7.23578		7.13262	7.21712	7.2509	7.25664	7.14767	7.1502	7.14327	7.24639	7.22041	7.24603	7.20113		7.23108	7.18394	7.19385	7.15518	7.1482	7.2586	7.11847	7.17626	7.20593	7.21591	7.18874
2500	7.26505		7.16199	7.24772	7.28021	7.28508	7.17739	7.18044	7.1731	7.27639	7.25043	7.27549	7.23082		7.26118	7.21343	7.22332	7.18494	7.18065	7.28793	7.14827	7.20649	7.23643	7.24477	7.21874
2650	7.29861		7.19564	7.28119	7.31268	7.31764	7.21101	7.21365	7.20668	7.30924	7.28378	7.30904	7.26406		7.29352	7.24646	7.25714	7.21882	7.21293	7.32208	7.18081	7.23969	7.27073	7.27744	7.25196
2800	7.33282		7.23148	7.31794	7.34685	7.35333	7.24714	7.24896	7.24122	7.34486	7.3185	7.34486	7.29951		7.32804	7.28129	7.29217	7.25201	7.24652	7.35755	7.21556	7.27446	7.30542	7.3138	7.28668
3000	7.38143		7.28126	7.36673	7.39568	7.40044	7.29554	7.29701	7.28959	7.39302	7.36632	7.39494	7.34805		7.37603	7.33038	7.34018	7.30071	7.29519	7.40609	7.2647	7.3233	7.35375	7.362	7.33523
3150	7.41554		7.31832	7.40439	7.43259	7.43664	7.33255	7.33478	7.32644	7.43003	7.40339	7.43272	7.38518		7.41263	7.36649	7.37671	7.33717	7.33199	7.44297	7.30179	7.35994	7.39098	7.3994	7.37201
3350	7.4662		7.36863	7.45469	7.48408	7.48855	7.38379	7.38771	7.37919	7.48078	7.45582	7.48417	7.43674		7.46295	7.4186	7.42767	7.38917	7.38313	7.49399	7.3537	7.41223	7.44262	7.45014	7.42342
3550	7.51911		7.42195	7.5062	7.53648	7.54184	7.43714	7.44178	7.43244	7.53457	7.51037	7.5378	7.49006		7.51609	7.47132	7.48102	7.44291	7.43793	7.5487	7.40797	7.46597	7.49586	7.50326	7.47710
3750	7.57358		7.4763	7.56097	7.5912	7.59746	7.49326	7.49796	7.48829	7.59039	7.56608	7.59309	7.54550		7.57163	7.52757	7.53564	7.49866	7.49378	7.60547	7.46361	7.52136	7.55156	7.55839	7.53277
4000	7.65203		7.55766	7.64079	7.67136	7.67861	7.57194	7.57861	7.56966	7.67024	7.64547	7.67143	7.62558		7.65148	7.60914	7.61574	7.57903	7.5743	7.68544	7.54387	7.60182	7.63165	7.63974	7.61322
4250	7.72298		7.63282	7.71379	7.74591	7.75154	7.64571	7.65373	7.64407	7.74324	7.71941	7.74369	7.69939		7.72568	7.68541	7.68999	7.65345	7.64843	7.76033	7.61844	7.67489	7.70481	7.71318	7.68746
4500	7.79463		7.70873	7.78936	7.82191	7.8251	7.72105	7.72918	7.71985	7.81665	7.79365	7.81608	7.77416		7.80087	7.76181	7.76524	7.72771	7.72266	7.83627	7.69292	7.74842	7.77805	7.78778	7.76217
4750	7.86713		7.78612	7.86633	7.8993	7.90057	7.79694	7.80567	7.79685	7.89112	7.86924	7.88944	7.85016		7.87715	7.83858	7.84034	7.80339	7.79795	7.9111	7.76867	7.82335	7.85219	7.86357	7.83763
5000	7.94177		7.86497	7.94413	7.98021	7.97774	7.87361	7.88277	7.87659	7.96874	7.94621	7.96708	7.92821		7.95497	7.91772	7.91903	7.88243	7.87639	7.98708	7.84734	7.9008	7.92922	7.94084	7.91558
5300	8.03487		7.96478	8.04346	8.08046	8.07642	7.97278	7.98279	7.97616	8.06647	8.04568	8.06523	8.02742		8.05372	8.01702	8.01811	7.9825	7.97635	8.08435	7.94572	7.99929	8.02571	8.03897	8.01417
5600	8.13328		8.06861	8.14588	8.18437	8.18028	8.07745	8.0867	8.08169	8.16934	8.14983	8.16841	8.13126		8.15628	8.11978	8.12089	8.0852	8.08	8.18582	8.04909	8.10241	8.12804	8.14239	8.11699
6000	8.26377		8.19666	8.27434	8.31603	8.31217	8.20978	8.21956	8.21404	8.30118	8.28108	8.30056	8.26254		8.28621	8.25296	8.25099	8.21279	8.20759	8.31161	8.17854	8.23525	8.26354	8.26914	8.24686
6300	8.3681		8.29057	8.37009	8.4135	8.41071	8.31206	8.32308	8.31467	8.40109	8.37861	8.40141	8.36158		8.38213	8.35557	8.34897	8.30622	8.30324	8.40663	8.27601	8.33566	8.3687	8.3633	8.34464
6700	8.4912		8.40408	8.48526	8.53026	8.52849	8.43362	8.44447	8.43508	8.51979	8.49669	8.52242	8.48002		8.49737	8.47783	8.46724	8.42035	8.41882	8.52378	8.39226	8.45557	8.49593	8.47666	8.46258
7100	8.5978		8.52482	8.60528	8.64967	8.64461	8.5529	8.56187	8.55331	8.63765	8.61537	8.63869	8.59842		8.61708	8.59515	8.58662	8.54216	8.54104	8.64466	8.51141	8.57294	8.61228	8.59793	8.58213
7500	8.7097		8.65719	8.73671	8.77808	8.77398	8.67969	8.68979	8.68148	8.76715	8.74618	8.76585	8.72761		8.74765	8.72131	8.71582	8.6746	8.67348	8.77474	8.64308	8.69992	8.7372	8.73081	8.71186
8000	8.87048		8.83314	8.91178	8.95206	8.94738	8.85256	8.86445	8.85451	8.94126	8.92148	8.94133	8.90199		8.9224	8.89285	8.88884	8.85001	8.84588	8.94865	8.817	8.87469	8.90891	8.90608	8.88553
8500	9.04142		9.01455	9.0933	9.13234	9.12846	9.03411	9.04588	9.03536	9.12312	9.10434	9.12051	9.08320		9.10328	9.07377	9.06958	9.03159	9.02663	9.12859	8.9989	9.05643	9.08962	9.08727	9.06657
9000	9.21498		9.19668	9.27809	9.31614	9.3114	9.21818	9.23038	9.21906	9.30712	9.28922	9.30286	9.26691		9.28798	9.257	9.25262	9.2149	9.20833	9.31141	9.18311	9.24145	9.27293	9.27181	9.25015
9500	9.38848		9.38002	9.46308	9.50115	9.49611	9.40317	9.41623	9.40394	9.49196	9.47358	9.48848	9.45177		9.47307	9.44091	9.43709	9.3983	9.39338	9.49436	9.36732	9.4264	9.45706	9.45702	9.43449
10000	9.56288		9.56632	9.65038	9.68811	9.68189	9.59036	9.60221	9.5904	9.67861	9.65851	9.67419	9.63810		9.65979	9.6274	9.6231	9.58527	9.58136	9.6788	9.55302	9.61191	9.64378	9.64301	9.62074
10600	9.77509		9.79017	9.87547	9.91349	9.90733	9.81491	9.82712	9.81669	9.9017	9.88259	9.8973	9.86268		9.8863	9.85235	9.84761	9.81006	9.80651	9.90086	9.77803	9.83545	9.86567	9.86718	9.84500
11200	9.98802		10.00975	10.09681	10.1375	10.12722	10.03612	10.04968	10.04233	10.12115	10.10431	10.11762	10.08425		10.11018	10.07611	10.07025	10.03046	10.0292	10.12346	10.00107	10.05773	10.08697	10.08821	10.06736
11800	10.19569		10.22729	10.31797	10.3583	10.3444	10.25543	10.27148	10.26216	10.33836	10.32299	10.3354	10.30338		10.32961	10.29429	10.28984	10.25124	10.25043	10.34349	10.22309	10.27521	10.30666	10.30839	10.28722
12500	10.42956		10.48521	10.57644	10.61663	10.60187	10.51131	10.52701	10.51876	10.59608	10.58151	10.5937	10.56085		10.59006	10.55218	10.54555	10.50982	10.50972	10.60309	10.48142	10.53109	10.56565	10.56661	10.54552
13200	10.67203		10.74249	10.83716	10.87839	10.86151	10.77304	10.78701	10.77707	10.85689	10.8447	10.85456	10.82128		10.85072	10.81232	10.80816	10.77188	10.76919	10.86366	10.74398	10.79332	10.8247	10.82843	10.80664
14000	10.95395		11.0387	11.13827	11.17924	11.16063	11.07415	11.08661	11.07321	11.15586	11.14404	11.15189	11.12026		11.15112	11.11022	11.1038	11.07201	11.06762	11.15864	11.04295	11.09132	11.12318	11.12853	11.10494

## FO DATA
〔fg=#0000FF,b〕RESULT CHECKING FO					
〔fg=#0000FF,b〕 Test #1	639.11518	〔fg=#0000FF,b〕 Normal #1	650.13709	〔fg=#0000FF,b〕ST 	656.55388
〔fg=#0000FF,b〕 Test #2	640.30028	〔fg=#0000FF,b〕 Normal #2	646.72014		
〔fg=#0000FF,b〕 Test #3	665.79839	〔fg=#0000FF,b〕 Normal #3	629.81818		
〔fg=#0000FF,b〕 Test #4	661.30986	〔fg=#0000FF,b〕 Normal #4	640.42684		
〔fg=#0000FF,b〕 Test #5	648.11518	〔fg=#0000FF,b〕 Normal #5	613.65617		
〔fg=#0000FF,b〕 Test #6	637.04614	〔fg=#0000FF,b〕 Normal #6	627.31398		
〔fg=#0000FF,b〕 Test #7	651.25695	〔fg=#0000FF,b〕 Normal #7	633.10298		
〔fg=#0000FF,b〕 Test #8	646.39544	〔fg=#0000FF,b〕 Normal #8	643.40992		
〔fg=#0000FF,b〕 Test #9	656.01791	〔fg=#0000FF,b〕 Normal #9	624.60275		
〔fg=#0000FF,b〕 Test #10	635.06397	〔fg=#0000FF,b〕 Normal #10	632.70958		
〔bg=#FFFF00,b〕AVG	〔bg=#FFFF00,b〕648.04	〔bg=#FFFF00,b〕AVG	〔bg=#FFFF00,b〕634.19	〔bg=#FFFF00,b〕AVG	〔bg=#FFFF00,b〕656.55
