## NTI_종합
〔b〕MASK	
HZ	%
100	40
200	30
300	30
400	40
500	40
1000	10
2000	5
7000	11
10000	11
14000	5

## SPL DATA_(NTI
	〔fg=#0000FF,b〕MASK 1	〔fg=#0000FF,b〕MASK 2	〔fg=#0000FF,b〕 ST AVG		〔fg=#0000FF,b〕Bond SJ4774 #1	〔fg=#0000FF,b〕Bond SJ4774 #2	〔fg=#0000FF,b〕Bond SJ4774 #3	〔fg=#0000FF,b〕Bond SJ4774 #4	〔fg=#0000FF,b〕Bond SJ4774 #5	〔fg=#0000FF,b〕Bond SJ4774 #6	〔fg=#0000FF,b〕Bond SJ4774 #7	〔fg=#0000FF,b〕Bond SJ4774 #8	〔fg=#0000FF,b〕Bond SJ4774 #9	〔fg=#0000FF,b〕Bond SJ4774 #10	〔fg=#FF0000,b〕Bond SJ4774 AVG		〔fg=#0000FF,b〕Bond VE 562850 #1	〔fg=#0000FF,b〕Bond VE 562850 #2	〔fg=#0000FF,b〕Bond VE 562850 #3	〔fg=#0000FF,b〕Bond VE 562850 #4	〔fg=#0000FF,b〕Bond VE 562850 #5	〔fg=#0000FF,b〕Bond VE 562850 #6	〔fg=#0000FF,b〕Bond VE 562850 #7	〔fg=#0000FF,b〕Bond VE 562850 #8	〔fg=#0000FF,b〕Bond VE 562850 #9	〔fg=#0000FF,b〕Bond VE 562850 #10	〔fg=#FF0000,b〕Bond VE 562850 AVG		〔fg=#0000FF,b〕Old bond #1	〔fg=#0000FF,b〕Old bond #2	〔fg=#0000FF,b〕Old bond #3	〔fg=#0000FF,b〕Old bond #4	〔fg=#0000FF,b〕Old bond #5	〔fg=#0000FF,b〕Old bond #6	〔fg=#0000FF,b〕Old bond #7	〔fg=#0000FF,b〕Old bond #8	〔fg=#0000FF,b〕Old bond #9	〔fg=#0000FF,b〕Old bond #10	〔fg=#FF0000,b〕Old bond AVG		〔fg=#0000FF,b〕ST #1	〔fg=#0000FF,b〕ST #2	〔fg=#FF0000,b〕ST AVG
100	74.79955	68.79955	71.79955		71.51797	71.17838	70.8391	70.54522	70.6644	70.64366	71.17755	71.10581	71.19972	71.19741	71.00692		70.48638	71.10714	70.73557	71.04672	71.51876	71.17872	71.02908	71.01603	71.18519	70.77115	71.00747		70.37214	71.06649	71.09304	71.0712	71.28311	71.1253	71.41426	71.45176	71.13101	70.94	71.09483		71.73808	71.86102	〔fg=#FF0000〕71.79955
106	75.29993	69.29993	72.29993		71.95628	71.72821	71.30308	71.0726	71.20919	71.17836	71.68774	71.61547	71.66601	71.65689	71.50738		70.96933	71.62742	71.21679	71.54058	71.98726	71.68869	71.53511	71.56076	71.69	71.3133	71.51292		70.87399	71.61641	71.59931	71.56138	71.79849	71.63066	71.87255	71.94544	71.61668	71.40254	71.59175		72.27182	72.32804	〔fg=#FF0000〕72.29993
112	75.86490	69.86490	72.864905		72.52167	72.27563	71.87988	71.61316	71.76944	71.76299	72.27908	72.17094	72.25554	72.17935	72.07077		71.5263	72.21254	71.78971	72.12588	72.58048	72.27607	72.0934	72.14097	72.26591	71.89151	72.09028		71.42834	72.18138	72.18916	72.11861	72.38354	72.2095	72.38	72.49467	72.17966	71.98846	72.15533		72.84898	72.88083	〔fg=#FF0000〕72.86490
118	76.89454	70.89454	73.894535		73.54624	73.30853	72.89994	72.69689	72.84036	72.79166	73.32481	73.20848	73.31258	73.18509	73.11146		72.50944	73.26965	72.86286	73.16601	73.58879	73.29973	73.08325	73.1891	73.281	72.94139	73.11912		72.4443	73.21148	73.19993	73.15447	73.41391	73.23363	73.4037	73.50706	73.14973	73.06332	73.17815		73.87744	73.91163	〔fg=#FF0000〕73.89454
125	78.00090	72.00090	75.0009		74.59713	74.40037	73.95325	73.81057	73.9361	73.88027	74.40294	74.27262	74.40259	74.24964	74.19055		73.64611	74.36494	74.00895	74.25836	74.69281	74.41047	74.15715	74.30546	74.37223	74.04992	74.22664		73.56484	74.3409	74.30111	74.27936	74.49493	74.34849	74.52187	74.56894	74.18946	74.15315	74.27631		74.99933	75.00247	〔fg=#FF0000〕75.00090
132	79.18019	73.18019	76.18019		75.75859	75.53436	75.07577	74.7192	75.11698	75.05213	75.59801	75.44569	75.55525	75.45272	75.33087		74.79365	75.534	75.14293	75.44512	75.86284	75.58294	75.3183	75.46542	75.53885	75.25444	75.39385		74.75159	75.51861	75.47901	75.46087	75.64539	75.53979	75.6424	75.79055	75.36553	75.31504	75.45088		76.16841	76.19197	〔fg=#FF0000〕76.18019
140	80.41633	74.41633	77.416325		77.01934	76.78107	76.30541	75.99431	76.36068	76.27476	76.82831	76.67781	76.80646	76.69874	76.57469		76.04099	76.77713	76.39899	76.68158	77.12528	76.81188	76.529	76.68254	76.79328	76.47761	76.63183		75.99507	76.7266	76.71236	76.7167	76.90032	76.78165	76.87909	77.02432	76.59738	76.55377	76.68873		77.38057	77.45208	〔fg=#FF0000〕77.41633
150	81.65685	75.65685	78.65685		78.25955	78.05746	77.46305	77.29087	77.61513	77.50997	78.05167	77.92797	78.03739	77.97607	77.81891		77.27745	78.01486	77.63525	77.92978	78.35016	78.04548	77.75812	77.91458	78.04872	77.72093	77.86953		77.24332	77.96065	77.94942	77.97963	78.13842	78.02264	78.08834	78.28348	77.84517	77.79081	77.93019		78.61356	78.70014	〔fg=#FF0000〕78.65685
160	82.95687	76.95687	79.956875		79.52166	79.35406	78.7607	78.5769	78.89534	78.78853	79.32304	79.18539	79.30225	79.26056	79.09684		78.55844	79.29443	78.9046	79.20658	79.61379	79.30125	79.05802	79.20346	79.3567	78.99817	79.14954		78.52175	79.25134	79.25557	79.25353	79.43275	79.31685	79.38025	79.56824	79.14845	79.04834	79.21771		79.93196	79.98179	〔fg=#FF0000〕79.95687
170	84.38904	78.38904	81.389045		80.86604	80.73424	80.17606	79.97374	80.29899	80.15858	80.68995	80.55776	80.66653	80.65293	80.47748		79.91427	80.66722	80.24731	80.53721	80.96747	80.65294	80.4716	80.61361	80.74312	80.37106	80.51858		79.90797	80.64281	80.64569	80.63817	80.83666	80.74238	80.7668	80.95756	80.54466	80.41502	80.60977		81.39017	81.38792	〔fg=#FF0000〕81.38904
180	85.77388	79.77388	82.773875		82.23204	82.10973	81.53694	81.48099	81.6706	81.53257	82.05745	81.92295	82.03685	82.00525	81.85854		81.28297	82.03605	81.62114	81.90646	82.33121	82.02406	81.82389	81.97183	82.09536	81.71586	81.88088		81.27763	82.01246	82.01924	82.01118	82.21653	82.09579	82.16127	82.30607	81.92748	81.77866	81.98063		82.78567	82.76208	〔fg=#FF0000〕82.77388
190	87.05548	81.05548	84.055475		83.49199	83.36608	82.81839	82.72287	82.92801	82.78597	83.32193	83.18114	83.29422	83.27602	83.11866		82.52954	83.28944	82.86178	83.17704	83.59071	83.27743	83.08795	83.23196	83.34932	82.98076	83.13759		82.54965	83.29125	83.28563	83.279	83.46953	83.3549	83.43763	83.57331	83.19838	83.06649	83.25058		84.07697	84.03398	〔fg=#FF0000〕84.05548
200	88.25481	82.25481	85.254805		84.67518	84.55024	84.05117	83.91303	84.1233	83.9742	84.51844	84.37304	84.48763	84.46213	84.31284		83.71949	84.48164	84.05701	84.37013	84.77351	84.46828	84.27559	84.42911	84.53262	84.1752	84.32826		83.74517	84.49446	84.48093	84.47642	84.66591	84.54904	84.67044	84.76477	84.39327	84.25694	84.44974		85.28137	85.22824	〔fg=#FF0000〕85.25481
212	89.36934	83.36934	86.36934		85.79631	85.67315	85.16145	85.02922	85.24479	85.09006	85.63852	85.50259	85.61442	85.58485	85.43354		84.83899	85.60742	85.19222	85.5014	85.90904	85.59575	85.38467	85.53825	85.64184	85.29153	85.45011		84.87176	85.61157	85.59468	85.60302	85.78898	85.66168	85.80019	85.89092	85.52312	85.38606	85.57320		86.39068	86.348	〔fg=#FF0000〕86.36934
224	90.36879	84.36879	87.368785		86.84995	86.71297	86.19386	86.06239	86.27236	86.12379	86.68057	86.5408	86.66098	86.61789	86.47156		85.87749	86.65269	86.24116	86.56385	86.95978	86.6412	86.40178	86.55714	86.67448	86.32971	86.48993		85.90166	86.64705	86.63064	86.64176	86.82059	86.67298	86.83748	86.92981	86.56554	86.42756	86.60751		87.37278	87.36479	〔fg=#FF0000〕87.36879
236	91.36987	85.36987	88.369865		87.85423	87.72784	87.21145	87.06822	87.27215	87.12269	87.68139	87.54173	87.66837	87.62385	87.47719		86.87854	87.65769	87.24205	87.56574	87.96979	87.64193	87.41336	87.5724	87.68764	87.3429	87.49720		86.90278	87.65596	87.63802	87.64645	87.83243	87.68178	87.84133	87.94181	87.56804	87.44545	87.61541		88.3714	88.36833	〔fg=#FF0000〕88.36987
250	92.39836	86.39836	89.398365		88.88536	88.75835	88.2372	88.10162	88.30096	88.15152	88.71077	88.57062	88.70172	88.64349	88.50616		87.9114	88.68925	88.27666	88.59573	89.00387	88.67194	88.44755	88.60617	88.71627	88.37048	88.52893		87.92341	88.68364	88.67116	88.67251	88.86949	88.71099	88.87231	88.9738	88.59958	88.46717	88.64441		89.39935	89.39738	〔fg=#FF0000〕89.39836
265	93.55649	87.55649	90.556485		90.03909	89.90785	89.38528	89.2495	89.44603	89.29301	89.8569	89.71273	89.85007	89.79597	89.65364		89.05446	89.83956	89.42172	89.74073	90.16375	89.81715	89.59515	89.75407	89.866	89.51415	89.67667		89.06594	89.83837	89.82334	89.82204	90.02312	89.85926	90.02104	90.12674	89.74898	89.61816	89.79470		90.55891	90.55406	〔fg=#FF0000〕90.55649
280	94.70362	88.70362	91.703625		91.18214	91.04209	90.52479	90.3867	90.58126	90.42574	90.99638	90.84604	90.9878	90.93538	90.79083		90.18868	90.97767	90.55329	90.87487	91.30351	90.95586	90.72765	90.89539	91.00701	90.65163	90.81356		90.19804	90.98462	90.96538	90.96176	91.16387	91.00038	91.15757	91.27187	90.8874	90.7538	90.93447		91.70481	91.70244	〔fg=#FF0000〕91.70362
300	95.90282	89.90282	92.90282		92.36788	92.22673	91.70415	91.56461	91.76134	91.60312	92.17794	92.02874	92.1678	92.12051	91.97228		91.36792	92.15641	91.72881	92.05588	92.49029	92.13579	91.90761	92.07836	92.18655	91.82863	91.99362		91.37481	92.17276	92.14429	92.14067	92.35036	92.16882	92.34259	92.45892	92.07302	91.936	92.11622		92.90871	92.89693	〔fg=#FF0000〕92.90282
315	97.10312	91.10312	94.103115		93.55692	93.4136	92.88979	92.74623	92.9483	92.78454	93.3648	93.21549	93.3554	93.31101	93.15861		92.55093	93.34504	92.91718	93.24391	93.68235	93.32372	93.09299	93.2677	93.37313	93.01234	93.18093		92.55377	93.36784	93.33152	93.33024	93.54239	93.35717	93.53211	93.65427	93.26389	93.11904	93.30522		94.10765	94.09858	〔fg=#FF0000〕94.10312
335	98.29427	92.29427	95.294275		94.73305	94.59138	94.06546	93.91825	94.12329	93.95383	94.54019	94.38868	94.53242	94.49282	94.33394		93.72044	94.5232	94.09291	94.41983	94.86465	94.50088	94.26331	94.44708	94.54776	94.18497	94.35650		93.72332	94.55423	94.50136	94.508	94.72721	94.53939	94.71093	94.83893	94.44464	94.29529	94.48433		95.29825	95.2903	〔fg=#FF0000〕95.29427
355	99.49483	93.49483	96.49483		95.9179	95.77659	95.24434	95.09067	95.30202	95.12781	95.72244	95.56951	95.71567	95.67528	95.51422		94.89803	95.70685	95.27452	95.60293	96.05459	95.68217	95.44222	95.63214	95.72757	95.36051	95.53815		94.89479	95.74242	95.68336	95.68889	95.91628	95.72237	95.89619	96.02872	95.63011	95.47611	95.66792		96.49841	96.49125	〔fg=#FF0000〕96.49483
375	100.74238	94.74238	97.74238		97.14527	97.00607	96.46717	96.30488	96.52333	96.34312	96.94516	96.79124	96.94156	96.90057	96.73684		96.11552	96.93303	96.49937	96.8291	97.28873	96.90431	96.66216	96.85996	96.95154	96.57801	96.76217		96.10623	96.97473	96.90503	96.91222	97.15008	96.951	97.12301	97.25979	96.85695	96.69889	96.89379		97.74719	97.73757	〔fg=#FF0000〕97.74238
400	101.98766	95.98765	98.987655		98.36546	98.228	97.68147	97.51194	97.73709	97.55038	98.16048	98.00469	98.16019	98.12233	97.95220		97.3233	98.15184	97.71645	98.04711	98.51571	98.11923	97.87335	98.08134	98.16817	97.78861	97.97851		97.30951	98.19994	98.12239	98.12955	98.37774	98.18083	98.34356	98.48568	98.07588	97.91681	98.11419		98.99333	98.98198	〔fg=#FF0000〕98.98765
425	103.23265	97.23264	100.232645		99.58476	99.44777	98.89441	98.71777	98.94994	98.75393	99.37272	99.2156	99.37543	99.35109	99.16634		98.52981	99.36869	98.9322	99.26209	99.74184	99.33109	99.08114	99.3018	99.38203	98.99556	99.19262		98.5112	99.42328	99.33706	99.34778	99.604	99.39999	99.56157	99.70833	99.29289	99.13416	99.33203		100.24005	100.22524	〔fg=#FF0000〕100.23265
450	104.47888	98.47888	101.47888		100.80039	100.66517	100.10537	99.92281	100.16143	99.95549	100.58226	100.42457	100.58933	100.57171	100.37785		99.7355	100.58346	100.14701	100.47477	100.96568	100.5399	100.28696	100.5206	100.5952	100.20205	100.40511		99.71024	100.64683	100.55037	100.56195	100.82721	100.61628	100.77796	100.93059	100.50703	100.34836	100.54768		101.48708	101.47068	〔fg=#FF0000〕101.47888
475	105.75683	99.75683	102.75683		102.03933	101.9109	101.34559	101.15468	101.40152	101.18365	101.8175	101.65957	101.83096	101.81834	101.61620		100.96721	101.82355	101.38944	101.71291	102.21625	101.77398	101.51729	101.76817	101.83205	101.43629	101.64371		100.93637	101.89972	101.78692	101.79897	102.0795	101.86137	102.01719	102.17757	101.75056	101.58853	101.78967		102.76423	102.74943	〔fg=#FF0000〕102.75683
500	107.05087	101.05087	104.05087		103.29132	103.17168	102.60199	102.40338	102.65817	102.42456	103.06804	102.90815	103.087	103.08179	102.86961		102.21498	103.0784	102.64571	102.96447	103.4814	103.02027	102.76246	103.03094	103.08125	102.68487	102.89647		102.17735	103.16925	103.03743	103.05087	103.34393	103.11857	103.27006	103.43737	103.00945	102.84552	103.04598		104.05589	104.04585	〔fg=#FF0000〕104.05087
530	108.47829	102.47829	105.47829		104.66286	104.5575	103.98967	103.78237	104.04441	103.79282	104.4431	104.27949	104.47186	104.46874	104.24928		103.5945	104.45857	104.03158	104.33928	104.87374	104.38755	104.1337	104.42604	104.45257	104.06018	104.27577		103.54464	104.56803	104.41285	104.42827	104.72751	104.49839	104.64002	104.81615	104.39537	104.2292	104.42604		105.47918	105.4774	〔fg=#FF0000〕105.47829
560	109.88820	103.88820	106.8882		106.01017	105.91686	105.35909	105.14464	105.41019	105.14146	105.79747	105.62579	105.83661	105.82588	105.60682		104.95753	105.81541	105.39583	105.69033	106.24548	105.73125	105.48424	105.80022	105.7997	105.41672	105.63367		104.89404	105.94609	105.76672	105.78161	106.08488	105.85411	105.98451	106.17012	105.75962	105.59244	105.78341		106.88466	106.89174	〔fg=#FF0000〕106.88820
600	111.39243	105.39243	108.39243		107.43586	107.33532	106.81239	106.59541	106.85789	106.57288	107.22929	107.04222	107.28431	107.26523	107.04308		106.41274	107.25051	106.84213	107.11589	107.70149	107.14816	106.91499	107.25877	107.22435	106.85629	107.07253		106.32929	107.40442	107.20188	107.21628	107.51296	107.27829	107.40371	107.6061	107.20131	107.04126	107.21955		108.38305	108.40181	〔fg=#FF0000〕108.39243
630	112.92601	106.92601	109.92601		108.87874	108.75215	108.28689	108.0774	108.32605	108.02656	108.67574	108.46735	108.75221	108.72775	108.49708		107.90207	108.70256	108.31338	108.55236	109.17727	108.57698	108.36793	108.74332	108.67049	108.32	108.53264		107.7943	108.88456	108.65437	108.67284	108.95603	108.71307	108.84695	109.06416	108.65367	108.51258	108.67525		109.90857	109.94345	〔fg=#FF0000〕109.92601
670	114.45678	108.45678	111.456785		110.31501	110.16243	109.75684	109.56667	109.79394	109.48263	110.11478	109.88401	110.21488	110.18941	109.94806		109.40398	110.14604	109.78875	109.97776	110.64675	109.99382	109.82132	110.22909	110.11367	109.78561	109.99068		109.26656	110.36057	110.10233	110.12139	110.39597	110.14102	110.28915	110.51876	110.09543	109.98297	110.12741		111.43096	111.48261	〔fg=#FF0000〕111.45678
710	115.94866	109.94866	112.948655		111.72061	111.56428	111.21848	111.05318	111.25044	110.92832	111.52602	111.27996	111.64951	111.6394	111.38302		110.9113	111.55696	111.24887	111.37395	112.08125	111.37643	111.2607	111.69729	111.53165	111.23947	111.42779		110.73699	111.81107	111.52297	111.53969	111.81256	111.55308	111.7155	111.9476	111.51828	111.43388	111.55916		112.91255	112.98476	〔fg=#FF0000〕112.94866
750	116.32200	112.32200	114.321995		113.03503	112.89914	112.61616	112.47305	112.63408	112.30549	112.85039	112.59947	112.99276	113.01357	112.74191		112.35828	112.87342	112.63033	112.68364	113.41476	112.66816	112.62507	113.07823	112.86134	112.61791	112.78111		112.14585	113.17102	112.85595	112.86884	113.14079	112.88871	113.0614	113.28351	112.86667	112.80013	112.90829		114.27427	114.36972	〔fg=#FF0000〕114.32200
800	117.41349	113.41349	115.41349		114.11289	114.01836	113.79865	113.67313	113.79408	113.46625	113.94447	113.69805	114.09715	114.15684	113.87599		113.58732	113.95167	113.78217	113.76157	114.49849	113.72783	113.76482	114.21697	113.95648	113.77251	113.90198		113.34508	114.28625	113.95518	113.9633	114.22976	113.99932	114.17789	114.37418	113.98953	113.92983	114.02503		115.35579	115.47119	〔fg=#FF0000〕115.41349
850	118.21088	114.21088	116.210875		114.94726	114.9077	114.747	114.63732	114.71389	114.39736	114.79859	114.5651	114.9526	115.05246	114.77193		114.57911	114.78122	114.68953	114.60017	115.325	114.54902	114.66969	115.10079	114.8053	114.69172	114.77916		114.32144	115.14119	114.8121	114.81129	115.06563	114.87033	115.04854	115.21094	114.8734	114.81264	114.89675		116.14632	116.27543	〔fg=#FF0000〕116.21088
900	118.76349	114.76349	116.76349		115.5855	115.60353	115.50336	115.40972	115.43712	115.14102	115.46044	115.24756	115.60726	115.74657	115.47421		115.37535	115.41184	115.3957	115.24795	115.93936	115.18071	115.38323	115.77487	115.45769	115.41855	115.45852		115.11735	115.78314	115.47412	115.46156	115.69198	115.54791	115.72047	115.83903	115.56434	115.49284	115.56927		116.69397	116.83301	〔fg=#FF0000〕116.76349
950	119.08222	115.08222	117.08222		116.0397	116.1052	116.0656	115.99432	115.96789	115.7058	115.94134	115.75082	116.0701	116.2384	115.98792		115.97731	115.85469	115.90404	115.71335	116.35308	115.63425	115.91083	116.24213	115.92155	115.95679	115.94680		115.73971	116.21777	115.95227	115.92547	116.11937	116.03479	116.20249	116.26778	116.06073	115.97627	116.04967		117.01183	117.15261	〔fg=#FF0000〕117.08222
1000	119.22510	115.22510	117.225105		116.35399	116.45248	116.46394	116.41996	116.34017	116.12371	116.28217	116.11348	116.38421	116.56891	116.35030		116.4105	116.15417	116.25502	116.03829	116.61422	115.95652	116.28982	116.54505	116.24247	116.34479	116.28508		116.21195	116.48778	116.28658	116.24453	116.39044	116.36903	116.53493	116.54421	116.39968	116.30689	116.37760		117.15636	117.29385	〔fg=#FF0000〕117.22510
1060	119.24174	115.24174	117.241745		116.54949	116.66587	116.71213	116.70002	116.57125	116.40544	116.50118	116.35398	116.57386	116.76053	116.57937		116.68832	116.33391	116.46764	116.24471	116.75142	116.16722	116.53768	116.71273	116.44106	116.59684	116.49415		116.5386	116.62405	116.49677	116.4409	116.53691	116.57527	116.73907	116.69772	116.60334	116.50388	116.57565		117.17585	117.30764	〔fg=#FF0000〕117.24174
1120	119.12953	115.12953	117.12953		116.60169	116.72439	116.78853	116.80832	116.63984	116.52437	116.57595	116.44416	116.61752	116.79627	116.65210		116.78801	116.37407	116.51881	116.30763	116.74567	116.23957	116.6272	116.72635	116.49648	116.68571	116.55095		116.68973	116.61364	116.559	116.49256	116.54281	116.63167	116.79394	116.70869	116.65225	116.547	116.62313		117.06729	117.19177	〔fg=#FF0000〕117.12953
1180	118.87521	114.87521	116.875215		116.48615	116.6093	116.67725	116.72439	116.52705	116.45905	116.47798	116.35916	116.48803	116.65537	116.54637		116.68601	116.24793	116.38848	116.20144	116.57901	116.14663	116.53656	116.56549	116.37933	116.59103	116.43219		116.6418	116.43892	116.45003	116.37496	116.38567	116.51194	116.67497	116.55624	116.52449	116.41673	116.49757		116.8179	116.93253	〔fg=#FF0000〕116.87521
1250	118.44671	114.44671	116.44671		116.16575	116.2865	116.34681	116.41217	116.19984	116.16984	116.17284	116.06735	116.15596	116.3081	116.22852		116.35524	115.92189	116.04633	115.8912	116.21958	115.85151	116.23219	116.20322	116.06144	116.28229	116.10649		116.35442	116.06887	116.12961	116.05866	116.03123	116.18702	116.34956	116.21158	116.19132	116.07862	116.16609		116.39269	116.50073	〔fg=#FF0000〕116.44671
1320	117.88488	113.88488	115.88488		115.67814	115.78937	115.83539	115.91641	115.69965	115.6992	115.69841	115.60335	115.65878	115.79594	115.73746		115.84167	115.43732	115.53089	115.41501	115.69685	115.39145	115.75281	115.68098	115.57658	115.79621	115.61198		115.88006	115.54341	115.64497	115.57866	115.51947	115.69235	115.85615	115.71118	115.69476	115.57594	115.66970		115.83649	115.93327	〔fg=#FF0000〕115.88488
1400	117.29856	113.29856	115.298565		115.13764	115.24272	115.26618	115.35184	115.13652	115.16498	115.16464	115.07738	115.1064	115.23022	115.18785		115.26482	114.89797	114.95726	114.88243	115.13612	114.87801	115.21022	115.10547	115.03904	115.2493	115.06206		115.33565	114.97	115.10732	115.04176	114.96336	115.14394	115.31124	115.15792	115.14107	115.0161	115.11884		115.25759	115.33954	〔fg=#FF0000〕115.29856
1500	116.73056	112.73056	114.730565		114.60145	114.69406	114.69547	114.77637	114.57141	114.62087	114.62509	114.54901	114.55525	114.66758	114.63566		114.68214	114.35844	114.38045	114.34648	114.58686	114.36016	114.66082	114.53447	114.49975	114.70125	114.51108		114.7753	114.40186	114.56569	114.50215	114.41144	114.59628	114.76882	114.61014	114.5872	114.45823	114.56771		114.69758	114.76355	〔fg=#FF0000〕114.73056
1600	117.10135	111.10135	114.10135		113.9909	114.07263	114.04997	114.13068	113.93689	113.99557	114.01521	113.94701	113.94126	114.03756	114.01177		114.02759	113.75162	113.73801	113.73929	113.96643	113.75959	114.03795	113.90223	113.88902	114.07612	113.88878		114.13016	113.76847	113.94707	113.89627	113.79451	113.98499	114.15542	113.99753	113.96542	113.83115	113.94710		114.07382	114.12888	〔fg=#FF0000〕114.10135
1700	116.39289	110.39289	113.392895		113.2891	113.36469	113.31526	113.40111	113.21424	113.28038	113.31751	113.25093	113.2408	113.32546	113.29995		113.29185	113.05899	113.01528	113.04165	113.25847	113.07114	113.32866	113.1864	113.19106	113.36039	113.18039		113.40502	113.05705	113.24915	113.20126	113.10259	113.28344	113.45159	113.29754	113.25998	113.12133	113.24290		113.36522	113.42057	〔fg=#FF0000〕113.39289
1800	115.64434	109.64434	112.64434		112.55143	112.62992	112.55806	112.64197	112.46039	112.53616	112.5902	112.51417	112.50398	112.57979	112.55661		112.52585	112.32603	112.26311	112.30995	112.53028	112.34383	112.588	112.43755	112.46229	112.61219	112.43991		112.63879	112.30821	112.51106	112.45824	112.37382	112.54531	112.71521	112.56555	112.5205	112.37715	112.50138		112.61459	112.67409	〔fg=#FF0000〕112.64434
1900	114.92940	108.92940	111.9294		111.83587	111.90794	111.80931	111.89535	111.72771	111.79169	111.87903	111.79142	111.78907	111.84806	111.82755		111.7757	111.61875	111.51963	111.58512	111.82205	111.63827	111.85907	111.7032	111.75726	111.8733	111.71524		111.89325	111.59718	111.78578	111.75368	111.66169	111.82489	111.99993	111.85226	111.79398	111.6425	111.78051		111.90217	111.95663	〔fg=#FF0000〕111.92940
2000	114.43785	108.43785	111.437855		111.32871	111.40387	111.28679	111.38338	111.22132	111.27294	111.38658	111.28694	111.29199	111.3438	111.32063		111.24651	111.12217	111.00736	111.0841	111.31782	111.13782	111.35609	111.20145	111.2583	111.35494	111.20866		111.36531	111.10136	111.27837	111.26188	111.16651	111.32366	111.49601	111.36273	111.2889	111.1454	111.27901		111.41407	111.46164	〔fg=#FF0000〕111.43785
2120	114.33258	108.33258	111.332575		111.20932	111.28338	111.15331	111.24418	111.09262	111.14568	111.26771	111.16389	111.16793	111.21773	111.19458		111.1065	111.0037	110.87616	110.96485	111.20247	111.0277	111.23212	111.07941	111.14279	111.22677	111.08625		111.23	110.98446	111.15687	111.1424	111.05104	111.1961	111.37456	111.24793	111.1685	111.02317	111.15750		111.31331	111.35184	〔fg=#FF0000〕111.33258
2240	114.51071	108.51071	111.51071		111.37115	111.44267	111.30467	111.38472	111.24463	111.29884	111.42293	111.32112	111.32016	111.36947	111.34804		111.2441	111.16009	111.02513	111.12658	111.3665	111.19156	111.38351	111.23286	111.30087	111.37613	111.24073		111.37861	111.14335	111.31163	111.29761	111.20172	111.35193	111.53286	111.40528	111.32526	111.1785	111.31267		111.50289	111.51853	〔fg=#FF0000〕111.51071
2360	114.77997	108.77997	111.779965		111.62822	111.68872	111.53994	111.61977	111.48595	111.53808	111.66131	111.5746	111.57239	111.61365	111.59226		111.48041	111.40556	111.26244	111.37184	111.61691	111.44241	111.62434	111.47544	111.54183	111.6149	111.48361		111.6205	111.40116	111.56022	111.55956	111.45536	111.60547	111.78196	111.64917	111.57097	111.42336	111.56277		111.77806	111.78187	〔fg=#FF0000〕111.77997
2500	115.08536	109.08536	112.08536		111.94029	111.99594	111.84475	111.92347	111.79173	111.85366	111.96729	111.88953	111.87817	111.92955	111.90144		111.77605	111.71183	111.57564	111.68946	111.91975	111.74254	111.93355	111.79437	111.83672	111.9256	111.79055		111.91322	111.70238	111.86778	111.85927	111.76554	111.91847	112.08711	111.96378	111.8843	111.7416	111.87035		112.08114	112.08958	〔fg=#FF0000〕112.08536
2650	115.07308	109.07308	112.07308		111.93302	111.9848	111.82017	111.89829	111.77208	111.84228	111.95431	111.87894	111.86818	111.91384	111.88659		111.75295	111.70209	111.56157	111.68159	111.91317	111.73736	111.91998	111.78082	111.82935	111.90561	111.77845		111.8905	111.69353	111.85885	111.84852	111.76168	111.91281	112.07686	111.94906	111.87431	111.72022	111.85863		112.06415	112.08201	〔fg=#FF0000〕112.07308
2800	114.74113	108.74113	111.741135		111.61052	111.65505	111.47667	111.56607	111.43416	111.51252	111.62677	111.54862	111.54393	111.58443	111.55587		111.42082	111.37468	111.22825	111.35675	111.59443	111.41672	111.58908	111.44955	111.5053	111.56623	111.45018		111.5522	111.3646	111.52946	111.52062	111.43912	111.59293	111.75125	111.62062	111.54267	111.39172	111.53052		111.72626	111.75601	〔fg=#FF0000〕111.74113
3000	114.62519	108.62519	111.625185		111.50707	111.54699	111.35379	111.45188	111.31806	111.40111	111.52143	111.44042	111.43817	111.48104	111.44600		111.30578	111.26856	111.11767	111.24772	111.49075	111.31185	111.47555	111.33842	111.3999	111.44902	111.34052		111.42252	111.25639	111.41911	111.41504	111.34286	111.49059	111.64416	111.5196	111.43439	111.28353	111.42282		111.60727	111.6431	〔fg=#FF0000〕111.62519
3150	114.72498	108.72498	111.72498		111.60808	111.65233	111.44345	111.54667	111.41033	111.49656	111.62534	111.53581	111.53054	111.58411	111.54332		111.39011	111.37009	111.2205	111.35393	111.59409	111.41338	111.56392	111.43642	111.5055	111.53967	111.43876		111.50812	111.35739	111.51123	111.51721	111.44216	111.59461	111.74077	111.62485	111.53392	111.37789	111.52081		111.70956	111.7404	〔fg=#FF0000〕111.72498
3350	114.69030	108.69030	111.690305		111.57369	111.62829	111.38305	111.51538	111.37258	111.46082	111.60246	111.49797	111.48206	111.54657	111.50629		111.35515	111.34651	111.18328	111.33752	111.56743	111.38382	111.51518	111.38652	111.46013	111.47543	111.40110		111.46625	111.32109	111.46902	111.48704	111.40679	111.56975	111.68946	111.59592	111.50172	111.34324	111.48503		111.68175	111.69886	〔fg=#FF0000〕111.69030
3550	114.61642	108.61642	111.61642		111.47488	111.53461	111.29206	111.41567	111.2669	111.35729	111.50209	111.39878	111.39337	111.45194	111.40876		111.2633	111.24661	111.08055	111.25091	111.46582	111.28306	111.45012	111.32317	111.36083	111.37881	111.31032		111.37699	111.22384	111.3684	111.40456	111.30624	111.47099	111.60819	111.50079	111.4077	111.24233	111.39100		111.61037	111.62247	〔fg=#FF0000〕111.61642
3750	114.65883	108.65883	111.658835		111.5161	111.58529	111.3264	111.44987	111.30612	111.40405	111.53805	111.45596	111.42569	111.50034	111.45079		111.29084	111.29032	111.11472	111.2781	111.50393	111.31442	111.48484	111.36273	111.40258	111.41528	111.34578		111.41158	111.27318	111.4131	111.44885	111.35094	111.5086	111.64609	111.54004	111.44914	111.27996	111.43215		111.65635	111.66132	〔fg=#FF0000〕111.65883
4000	114.56951	108.56951	111.569515		111.43871	111.51156	111.24609	111.37624	111.21725	111.32739	111.44669	111.37004	111.33762	111.4247	111.36963		111.2107	111.20635	111.01296	111.19471	111.43542	111.22082	111.38634	111.27797	111.32207	111.31664	111.25840		111.32687	111.18363	111.33059	111.37892	111.26798	111.40962	111.56741	111.4566	111.35568	111.19883	111.34761		111.56832	111.57071	〔fg=#FF0000〕111.56951
4250	114.30285	108.30285	111.302845		111.18441	111.25404	110.97805	111.12165	110.94704	111.05622	111.17801	111.10776	111.08133	111.17859	111.10871		110.94688	110.94616	110.73691	110.93043	111.18101	110.9513	111.12206	111.00258	111.05231	111.04333	110.99130		111.05765	110.91004	111.06341	111.12357	111.00836	111.16036	111.32073	111.20674	111.08734	110.94815	111.08863		111.29626	111.30943	〔fg=#FF0000〕111.30285
4500	114.17828	108.17828	111.17828		111.09418	111.14149	110.87268	111.01391	110.83236	110.95356	111.06108	111.00826	110.99291	111.08013	111.00506		110.83058	110.83382	110.6181	110.79648	111.07081	110.82623	111.03625	110.90376	110.9551	110.95412	110.88253		110.94755	110.81568	110.96375	111.01816	110.91426	111.05196	111.23293	111.10831	110.97859	110.8338	110.98650		111.15912	111.19744	〔fg=#FF0000〕111.17828
4750	114.41097	108.41097	111.41097		111.37933	111.42344	111.11155	111.28778	111.10413	111.24338	111.33856	111.28575	111.24776	111.35749	111.27792		111.08562	111.11277	110.89787	111.05427	111.36243	111.09668	111.27161	111.14725	111.2157	111.2147	111.14589		111.19652	111.10232	111.23765	111.28071	111.19466	111.32975	111.48912	111.39188	111.25415	111.10229	111.25790		111.38662	111.43532	〔fg=#FF0000〕111.41097
5000	114.68621	108.68621	111.686205		111.66701	111.70023	111.3777	111.5779	111.37571	111.51425	111.63278	111.54003	111.51462	111.62862	111.55289		111.35834	111.37901	111.17663	111.3383	111.64791	111.38086	111.54746	111.4244	111.47479	111.47836	111.42061		111.46132	111.38726	111.50207	111.55437	111.46561	111.60309	111.76356	111.67254	111.53335	111.37794	111.53211		111.65654	111.71587	〔fg=#FF0000〕111.68621
5300	115.07844	109.07844	112.07844		112.07955	112.10073	111.74342	111.97775	111.76472	111.92354	112.05394	111.93924	111.91071	112.02892	111.95225		111.73779	111.77521	111.58181	111.73379	112.04853	111.78565	111.96367	111.82393	111.84705	111.87142	111.81688		111.84783	111.79497	111.89787	111.9556	111.86884	112.02631	112.16628	112.07461	111.93686	111.76771	111.93369		112.04079	112.11609	〔fg=#FF0000〕112.07844
5600	115.79118	109.79118	112.791185		112.82599	112.8429	112.4385	112.71372	112.48008	112.68953	112.8043	112.67266	112.63027	112.75409	112.68520		112.45673	112.50109	112.31513	112.45455	112.80043	112.51855	112.70482	112.56562	112.56262	112.58854	112.54681		112.56678	112.52585	112.63031	112.69041	112.61782	112.75483	112.90272	112.79356	112.6665	112.47393	112.66227		112.74949	112.83288	〔fg=#FF0000〕112.79118
6000	116.73504	110.73504	113.735045		113.79254	113.81267	113.35192	113.67559	113.40569	113.66887	113.77402	113.61876	113.55254	113.71054	113.63631		113.38768	113.43914	113.25116	113.40263	113.78615	113.47101	113.65339	113.51442	113.49319	113.5151	113.49139		113.50414	113.46276	113.56731	113.66005	113.58649	113.70484	113.86732	113.73804	113.60637	113.41405	113.61114		113.69151	113.77858	〔fg=#FF0000〕113.73504
6300	117.72150	111.72150	114.721495		114.69041	114.76619	114.26116	114.586	114.32018	114.61415	114.71253	114.54476	114.4586	114.63939	114.55934		114.27767	114.34969	114.0632	114.31314	114.6752	114.35336	114.57912	114.41309	114.41425	114.43527	114.38740		114.43542	114.39789	114.4948	114.6373	114.55113	114.65853	114.82124	114.6914	114.54168	114.35204	114.55814		114.67608	114.76691	〔fg=#FF0000〕114.72150
6700	118.71919	112.71919	115.719195		115.41647	115.6327	115.12782	115.38045	115.16214	115.39931	115.52579	115.35105	115.3089	115.46477	115.37694		115.10704	115.15351	114.85729	115.10357	115.34342	115.11542	115.38196	115.20324	115.2497	115.2516	115.17668		115.26885	115.26023	115.31927	115.54703	115.31318	115.53596	115.6073	115.59477	115.4437	115.24015	115.41304		115.64153	115.79686	〔fg=#FF0000〕115.71919
7100	119.02169	113.02169	116.021695		115.84237	116.0749	115.53029	115.85303	115.61232	115.84056	115.95142	115.7607	115.77316	115.93566	115.81744		115.59325	115.54063	115.32939	115.49221	115.72622	115.53676	115.77829	115.6299	115.68772	115.65695	115.59713		115.68554	115.65876	115.764	115.87179	115.66374	115.95781	116.0127	116.01369	115.84108	115.65807	115.81272		115.90532	116.13807	〔fg=#FF0000〕116.02169
7500	119.12761	113.12761	116.12761		116.09214	116.34479	115.76534	116.15995	115.89014	116.10874	116.21226	115.99941	116.05365	116.23594	116.08624		115.9034	115.75423	115.61319	115.70544	115.93081	115.7658	116.00194	115.88894	115.94376	115.88873	115.83962		115.93064	115.88741	116.01596	116.04296	115.84346	116.20953	116.24437	116.25865	116.05995	115.89753	116.03905		116.0297	116.22552	〔fg=#FF0000〕116.12761
8000	119.39742	113.39742	116.39742		116.5078	116.77726	116.1752	116.65232	116.34753	116.56482	116.64649	116.41821	116.51698	116.71899	116.53256		116.40473	116.13028	116.09049	116.08299	116.29364	116.15977	116.39927	116.32492	116.36777	116.28452	116.25384		116.35445	116.28114	116.43513	116.38659	116.17968	116.62757	116.63635	116.65798	116.43889	116.3066	116.43044		116.30717	116.48767	〔fg=#FF0000〕116.39742
8500	119.73877	113.73877	116.738765		117.12701	117.34902	116.74616	117.34156	116.96545	117.19341	117.25014	117.01239	117.14193	117.37079	117.14979		117.09728	116.66985	116.8123	116.64142	116.87185	116.74437	116.96645	116.93748	116.94628	116.82734	116.85146		116.93889	116.80351	116.99987	116.86251	116.63727	117.16663	117.16094	117.16675	116.92832	116.85582	116.95205		116.6556	116.82193	〔fg=#FF0000〕116.73877
9000	119.91746	113.91746	116.91746		117.7637	117.89494	117.26609	117.99799	117.54289	117.82639	117.81586	117.62069	117.72276	117.98516	117.74365		117.76178	117.22072	117.43339	117.20025	117.52369	117.3118	117.52774	117.54869	117.52062	117.36994	117.44186		117.5204	117.23986	117.528	117.26981	117.11812	117.64877	117.68467	117.59905	117.3223	117.30513	117.42361		116.87501	116.95991	〔fg=#FF0000〕116.91746
9500	120.42866	114.42866	117.428665		118.26789	118.46304	117.87457	118.5198	118.11981	118.39898	118.3254	118.24438	118.31453	118.50923	118.30376		118.40123	117.82686	117.89157	117.78118	118.07528	117.84724	118.14836	118.14953	118.13836	117.95185	118.02115		118.16042	117.6984	118.03007	117.80728	117.58209	118.16517	118.1351	118.08375	117.82125	117.79308	117.92766		117.44024	117.41709	〔fg=#FF0000〕117.42866
10000	120.78961	112.78961	117.78961		118.40448	118.70549	118.21571	118.63512	118.38456	118.6104	118.46256	118.56407	118.61995	118.66873	118.52711		118.73329	118.1817	117.98809	118.0637	118.3092	118.1127	118.51811	118.43689	118.51917	118.23105	118.30939		118.55661	117.85384	118.2396	118.04716	117.75033	118.37057	118.27246	118.26411	118.04996	118.00061	118.14052		117.79337	117.78585	〔fg=#FF0000〕117.78961
10600	120.70549	112.70549	117.705495		118.00495	118.36172	118.01923	118.19099	118.06584	118.24553	118.05396	118.31568	118.3699	118.24076	118.18686		118.49904	118.01035	117.59577	117.81737	118.00697	117.84913	118.3335	118.1474	118.38972	117.96266	118.06119		118.41638	117.49571	117.9161	117.76086	117.41708	118.03793	117.89862	117.90663	117.76498	117.69315	117.83074		117.7008	117.71019	〔fg=#FF0000〕117.70549
11200	120.08259	112.08259	117.082595		117.13199	117.47811	117.28816	117.26413	117.20975	117.35505	117.16025	117.52912	117.59703	117.28477	117.32984		117.75108	117.31104	116.76378	117.08073	117.19187	117.0604	117.57809	117.32166	117.70149	117.19862	117.29588		117.72652	116.62896	117.07358	116.93528	116.59428	117.17435	117.04203	117.02653	116.93479	116.88475	117.00211		117.07667	117.08852	〔fg=#FF0000〕117.08259
11800	119.27887	111.27887	116.278875		116.18538	116.45546	116.43829	116.23582	116.27614	116.38096	116.20533	116.63808	116.72929	116.2402	116.37850		116.89899	116.49738	115.92084	116.24289	116.28458	116.20303	116.72118	116.39182	116.88645	116.34515	116.43923		116.92811	115.71811	116.1909	116.0218	115.73901	116.22346	116.15678	116.05744	115.98341	116.04603	116.10650		116.31399	116.24376	〔fg=#FF0000〕116.27887
12500	118.48734	110.48734	115.487335		115.31794	115.42361	115.56201	115.32763	115.36477	115.43063	115.33749	115.72324	115.83733	115.31157	115.46362		116.02094	115.62678	115.26964	115.41543	115.33866	115.33534	115.80775	115.48088	116.04686	115.51697	115.58593		116.10387	114.91398	115.32833	115.13972	114.96993	115.31136	115.40022	115.14359	115.03862	115.30664	115.26563		115.54892	115.42575	〔fg=#FF0000〕115.48734
13200	117.97691	109.97691	114.976905		114.89281	114.7775	115.00504	114.88377	114.78904	114.89492	114.89956	115.14948	115.27903	114.77436	114.93455		115.47915	115.07095	115.01112	114.93551	114.81409	114.81533	115.18973	114.89803	115.48903	115.01125	115.07142		115.54934	114.4719	114.83426	114.62938	114.55341	114.77064	115.00008	114.60366	114.46	114.88332	114.77560		115.05838	114.89543	〔fg=#FF0000〕114.97691
14000	117.25615	109.25615	114.25615		114.60553	114.26738	114.49965	114.61897	114.37811	114.50073	114.60472	114.68744	114.82716	114.43292	114.54226		115.06846	114.5414	114.86972	114.54474	114.36019	114.35917	114.60325	114.45015	114.91977	114.62718	114.63440		115.02218	114.08586	114.43365	114.12969	114.17222	114.29951	114.68513	114.1385	113.85839	114.53442	114.33595		114.40522	114.10708	〔fg=#FF0000〕114.25615
					PASSED	PASSED	FAILED	FAILED	FAILED	FAILED	PASSED	FAILED	PASSED	PASSED			FAILED	PASSED	FAILED	FAILED	PASSED	FAILED	FAILED	PASSED	PASSED	FAILED			FAILED	PASSED	PASSED	PASSED	PASSED	PASSED	PASSED	PASSED	PASSED	PASSED					

## THD DATA_(NTI
	〔fg=#0000FF,b〕 ST AVG		〔fg=#0000FF,b〕Bond SJ4774 #1	〔fg=#0000FF,b〕Bond SJ4774 #2	〔fg=#0000FF,b〕Bond SJ4774 #3	〔fg=#0000FF,b〕Bond SJ4774 #4	〔fg=#0000FF,b〕Bond SJ4774 #5	〔fg=#0000FF,b〕Bond SJ4774 #6	〔fg=#0000FF,b〕Bond SJ4774 #7	〔fg=#0000FF,b〕Bond SJ4774 #8	〔fg=#0000FF,b〕Bond SJ4774 #9	〔fg=#0000FF,b〕Bond SJ4774 #10	〔fg=#FF0000,b〕Bond SJ4774 AVG		〔fg=#0000FF,b〕Bond VE 562850 #1	〔fg=#0000FF,b〕Bond VE 562850 #2	〔fg=#0000FF,b〕Bond VE 562850 #3	〔fg=#0000FF,b〕Bond VE 562850 #4	〔fg=#0000FF,b〕Bond VE 562850 #5	〔fg=#0000FF,b〕Bond VE 562850 #6	〔fg=#0000FF,b〕Bond VE 562850 #7	〔fg=#0000FF,b〕Bond VE 562850 #8	〔fg=#0000FF,b〕Bond VE 562850 #9	〔fg=#0000FF,b〕Bond VE 562850 #10	〔fg=#FF0000,b〕Bond VE 562850 AVG		〔fg=#0000FF,b〕Old bond #1	〔fg=#0000FF,b〕Old bond #2	〔fg=#0000FF,b〕Old bond #3	〔fg=#0000FF,b〕Old bond #4	〔fg=#0000FF,b〕Old bond #5	〔fg=#0000FF,b〕Old bond #6	〔fg=#0000FF,b〕Old bond #7	〔fg=#0000FF,b〕Old bond #8	〔fg=#0000FF,b〕Old bond #9	〔fg=#0000FF,b〕Old bond #10	〔fg=#FF0000,b〕Old bond AVG		〔fg=#0000FF,b〕ST #1	〔fg=#0000FF,b〕ST #2	〔fg=#FF0000,b〕ST AVG
100	13.998055		13.38154	15.73831	13.59988	11.79859	13.54968	15.3454	14.15837	15.06735	13.49912	13.79619	13.99344		11.64259	13.17201	12.89611	12.93526	13.41258	13.45017	13.1365	12.60259	13.11835	12.53367	12.889983		12.53279	13.51026	12.42101	14.64879	14.28942	14.15669	13.83052	14.00391	15.32415	12.76572	13.74833		14.02932	13.96679	〔fg=#FF0000〕13.99806
106	13.764415		13.09178	15.55665	13.3385	11.5226	13.37177	15.09883	13.98772	14.80447	13.31831	13.54866	13.76393		11.47256	13.00703	12.51714	12.76122	13.24008	13.21889	12.96548	12.42758	12.92507	12.31646	12.685151		12.35592	13.33656	12.29001	14.38959	14.0909	13.97203	13.6169	13.94496	15.12791	12.57015	13.56949		13.73000	13.79883	〔fg=#FF0000〕13.76441
112	13.63121		12.86862	15.36876	13.16979	11.38282	13.23299	14.92168	13.85721	14.67854	13.1551	13.41548	13.60510		11.32961	12.82434	12.05103	12.61849	13.12624	13.10401	12.80605	12.29692	12.7858	12.11269	12.505518		12.28396	13.21983	12.10413	14.25164	13.9334	13.80535	13.52953	13.82407	15.01831	12.4317	13.44019		13.60621	13.65621	〔fg=#FF0000〕13.63121
118	13.486245		12.66886	15.28738	13.07981	11.66388	13.09831	14.7835	13.75489	14.53917	13.05602	13.28274	13.52146		11.21832	12.70371	11.82481	12.46341	13.06918	12.98778	12.69982	12.21778	12.66555	11.98186	12.383222		12.15952	13.17966	11.99547	14.11837	13.81022	13.63278	13.45619	13.70485	14.89679	12.29317	13.32470		13.44089	13.5316	〔fg=#FF0000〕13.48625
125	13.32376		12.48075	15.1744	12.96029	11.58039	12.97651	14.63578	13.6437	14.40912	12.93531	13.18441	13.39807		11.05902	12.55467	11.55335	12.34568	12.97034	12.90187	12.59527	12.11632	12.52175	11.84813	12.24664		12.03595	13.07282	11.86429	13.98078	13.64896	13.53421	13.34472	13.58908	14.79137	12.17181	13.20340		13.24981	13.39771	〔fg=#FF0000〕13.32376
132	13.123515		12.29132	14.99229	12.82776	11.39086	12.81027	14.45098	13.47158	14.22316	12.7755	13.00497	13.22387		10.92518	12.33053	10.39848	12.17506	12.87052	12.74208	12.46017	11.97691	12.31502	11.66127	11.985522		11.87448	12.95956	11.67517	13.89619	13.517	13.36169	13.21867	13.42654	14.62899	11.97869	13.05370		13.01098	13.23605	〔fg=#FF0000〕13.12351
140	12.82702		11.69036	14.76216	12.57618	11.20147	12.52811	14.11694	13.34383	13.97539	12.56859	12.79678	12.95598		10.67514	12.11408	10.00087	11.97532	12.71398	12.54018	12.18079	11.75201	12.06962	11.40232	11.742431		11.67692	12.76465	11.42057	13.63006	13.31481	13.11405	12.98649	13.23659	14.38708	11.77455	12.83058		12.60527	13.04877	〔fg=#FF0000〕12.82702
150	12.44329		11.26231	14.42359	12.21154	10.85726	12.1457	13.64354	13.02562	13.5914	12.25251	12.49683	12.59103		10.37573	11.78037	9.77132	11.70221	12.45909	12.23875	11.79446	11.43065	11.72984	11.00568	11.42881		11.31495	12.4911	11.10671	13.25447	12.93369	12.74972	12.729	12.92564	14.09572	11.46706	12.50681		12.14336	12.74322	〔fg=#FF0000〕12.44329
160	12.139195		11.03972	13.96616	11.97915	10.61619	11.82574	13.306	12.741	13.32844	11.95658	12.19323	12.29522		10.08088	11.48055	9.5567	11.43749	12.18979	11.95558	11.48635	11.21545	11.47832	10.73743	11.161854		11.0413	12.26572	10.8745	12.81966	12.58341	12.46109	12.49147	12.68709	13.74467	11.19983	12.21687		11.81952	12.45887	〔fg=#FF0000〕12.13920
170	12.01549		10.91421	13.76469	11.83263	10.48328	11.65382	13.11328	12.58541	13.11905	11.81437	12.00305	12.12838		9.95386	11.35337	9.46096	11.32815	12.1055	11.85347	11.33871	11.10492	11.35654	10.56962	11.04251		10.8861	12.11906	10.75317	12.6424	12.47027	12.30365	12.35077	12.55263	13.59517	11.05418	12.07274		11.66341	12.36757	〔fg=#FF0000〕12.01549
180	12.03323		10.88463	13.67447	11.83127	10.48519	11.56369	13.01706	12.55552	13.07954	11.79502	11.97755	12.08639		9.93107	11.33859	9.41602	11.33655	12.15699	11.85436	11.27585	11.09894	11.34192	10.53618	11.028647		10.84896	12.13528	10.71707	12.53363	12.44805	12.24299	12.3322	12.4847	13.52733	11.0796	12.03498		11.65766	12.4088	〔fg=#FF0000〕12.03323
190	12.132085		10.93282	13.70142	11.90258	10.45616	11.54153	12.99957	12.60786	13.09165	11.8696	11.98728	12.10905		9.98448	11.43116	9.54314	11.44587	12.28011	11.90415	11.31113	11.19232	11.40437	10.59577	11.10925		10.82095	12.22047	10.79735	12.51873	12.51117	12.27903	12.31668	12.551	13.52179	11.15615	12.06933		11.69545	12.56872	〔fg=#FF0000〕12.13209
200	12.365985		11.10179	13.76609	11.99909	10.22005	11.61196	13.05257	12.72932	13.20647	12.00193	12.08496	12.17742		10.10313	11.59969	9.64655	11.67001	12.481	12.05531	11.42597	11.357	11.58035	10.71141	11.263042		10.87116	12.36316	10.92994	12.69235	12.66699	12.42075	12.43013	12.71398	13.63736	11.34362	12.20694		11.88703	12.84494	〔fg=#FF0000〕12.36599
212	12.78915		11.41444	13.9532	12.26124	10.43251	11.78026	13.24323	12.97626	13.44203	12.30015	12.26841	12.40717		10.41579	11.94204	9.97924	12.00213	12.88281	12.32126	11.67227	11.70145	11.93748	10.9634	11.581787		11.14307	12.69949	11.22101	12.91364	13.00899	12.6348	12.69315	13.01122	13.86635	11.67582	12.48675		12.26655	13.31175	〔fg=#FF0000〕12.78915
224	13.20663		11.76557	14.20892	12.51036	10.69199	11.99848	13.47799	13.24805	13.72448	12.63955	12.50356	12.67690		10.72808	12.32089	10.3557	12.36026	13.30232	12.63721	11.98542	12.08793	12.33116	11.24278	11.935175		11.41802	13.0516	11.54463	13.17267	13.32805	12.92227	12.96174	13.38718	14.11956	12.03609	12.79418		12.64664	13.76662	〔fg=#FF0000〕13.20663
236	13.54356		12.03944	14.48471	12.79377	10.94034	12.22339	13.73847	13.4924	13.98946	12.94686	12.7044	12.93532		11.04758	12.62436	10.64531	12.66288	13.67791	12.90188	12.30067	12.43917	12.6595	11.50021	12.245947		11.67596	13.36732	11.82231	13.43539	13.61151	13.20861	13.25574	13.68112	14.41383	12.35203	13.08238		12.94864	14.13848	〔fg=#FF0000〕13.54356
250	13.87703		12.31611	14.85054	13.15811	11.26599	12.52966	14.09298	13.81316	14.33348	13.25673	12.92651	13.25433		11.41992	12.94146	10.91485	12.92777	14.02902	13.19833	12.66423	12.83516	12.95771	11.79461	12.568306		12.01797	13.71383	12.11136	13.74138	13.91384	13.58443	13.57778	14.00351	14.77374	12.64852	13.40864		13.25249	14.50157	〔fg=#FF0000〕13.87703
265	14.06145		12.53708	15.24534	13.48218	11.57782	12.84917	14.51312	14.16528	14.71488	13.54742	13.15294	13.57852		11.75453	13.19082	11.14573	13.14878	14.32482	13.4836	12.96612	13.14443	13.13445	12.02933	12.832261		12.31364	14.03072	12.3672	14.0981	14.1221	13.96649	13.84871	14.31306	15.18232	12.88992	13.71323		13.36484	14.75806	〔fg=#FF0000〕14.06145
280	14.060695		12.67083	15.66394	13.76396	11.83253	13.11045	14.88953	14.47069	15.05258	13.73365	13.31765	13.85058		11.97248	13.28727	11.18054	13.21296	14.47427	13.64594	13.14967	13.28473	13.14356	12.17242	12.952384		12.50791	14.27184	12.56189	14.31256	14.19269	14.27892	14.00072	14.55146	15.51776	13.01051	13.92063		13.29736	14.82403	〔fg=#FF0000〕14.06070
300	13.80867		12.72688	16.11737	14.05477	12.12677	13.42845	15.36112	14.8159	15.48778	13.89211	13.49083	14.15020		12.08241	13.21635	11.01071	13.13022	14.50948	13.76582	13.23456	13.33852	12.91897	12.25893	12.946597		12.57456	14.5083	12.73684	14.54504	14.14114	14.62101	14.13075	14.8239	15.9598	12.91564	14.09570		12.91647	14.70087	〔fg=#FF0000〕13.80867
315	13.49507		12.73287	16.40826	14.19179	12.30387	13.65953	15.68913	15.04792	15.78194	13.95568	13.6045	14.33755		12.07131	13.04811	10.73296	12.95818	14.46273	13.78697	13.19498	13.27477	12.60919	12.26841	12.840761		12.56549	14.64898	12.82254	14.67105	14.02758	14.85118	14.22556	14.99093	16.28021	12.78389	14.18674		12.49906	14.49108	〔fg=#FF0000〕13.49507
335	12.91958		12.63519	16.72927	14.32995	12.51394	13.90966	16.08164	15.30429	16.11904	13.96082	13.69778	14.52816		11.95682	12.6482	10.19587	12.59074	14.26761	13.69855	12.98001	13.0778	11.96094	12.2041	12.558064		12.49654	14.76107	12.86566	14.59367	13.75398	15.08183	14.19738	15.14967	16.62231	12.44694	14.19690		11.76689	14.07227	〔fg=#FF0000〕12.91958
355	12.18659		12.39763	16.9414	14.33448	12.60165	14.05381	16.32217	15.42407	16.30503	13.82128	13.67703	14.58785		11.70633	12.09198	9.47405	12.08605	13.91011	13.44569	12.6234	12.74034	11.13604	12.02131	12.12353		12.18228	14.74079	12.77418	14.44183	13.32938	15.16819	14.03828	15.16641	16.81624	11.95208	14.06097		10.89212	13.48106	〔fg=#FF0000〕12.18659
375	11.383865		12.05405	16.97747	14.24605	12.60808	14.07815	16.42287	15.39803	16.34563	13.56118	13.51082	14.52023		11.37954	11.41538	8.68017	11.4968	13.41093	13.07948	12.15626	12.29149	10.2278	11.76747	11.590532		11.80001	14.58955	12.56392	14.14011	12.80426	15.12314	13.72889	15.0398	16.87213	11.37489	13.80367		9.97255	12.79518	〔fg=#FF0000〕11.38387
400	10.45793		11.63585	16.8567	14.04386	12.53143	14.01251	16.38079	15.25387	16.26005	13.17196	13.30677	14.34538		10.93999	10.61487	7.76438	10.79627	12.77125	12.59373	11.54051	11.719	9.17967	11.40861	10.932828		11.32493	14.30996	12.27769	13.7158	12.13391	14.93868	13.28171	14.76815	16.76731	10.67035	13.41885		8.97375	11.94211	〔fg=#FF0000〕10.45793
425	9.72011		11.27172	16.59497	13.79022	12.40961	13.86704	16.207	15.02734	16.05948	12.79845	13.08868	14.11145		10.51932	9.90843	7.00282	10.1929	12.19653	12.13259	10.95798	11.20743	8.30343	11.0555	10.347693		10.86878	14.00247	11.98885	13.27421	11.5459	14.67902	12.83745	14.45228	16.53247	10.07491	13.02563		8.21109	11.22913	〔fg=#FF0000〕9.72011
450	9.153525		10.92175	16.18348	13.45624	12.21209	13.61991	15.88956	14.70139	15.73444	12.4068	12.8214	13.79471		10.11676	9.27968	6.37902	9.66094	11.66178	11.67552	10.40711	10.73984	7.5605	10.7038	9.818495		10.42378	13.63317	11.68589	12.79339	11.00445	14.32354	12.39296	14.06898	16.17306	9.5284	12.60276		7.66378	10.64327	〔fg=#FF0000〕9.15353
475	8.67315		10.53042	15.59519	13.01212	11.91171	13.23978	15.39741	14.22995	15.23851	11.95004	12.45996	13.35651		9.6992	8.68369	5.85897	9.1542	11.12648	11.17249	9.84875	10.2683	6.91729	10.30729	9.303666		9.96569	13.15224	11.32762	12.23744	10.45465	13.8562	11.89744	13.58361	15.64367	9.01574	12.11343		7.23432	10.11198	〔fg=#FF0000〕8.67315
500	8.23279		10.07552	14.8353	12.45491	11.50083	12.71894	14.73897	13.6132	14.57709	11.4129	11.99901	12.79267		9.26274	8.10197	5.41576	8.64994	10.54578	10.61585	9.27467	9.77794	6.35554	9.85698	8.785717		9.47467	12.55888	10.87014	11.65038	9.87836	13.26805	11.3372	12.97899	14.94972	8.51282	11.54792		6.88276	9.58282	〔fg=#FF0000〕8.23279
530	7.71503		9.44653	13.72114	11.66155	10.86906	11.92879	13.75107	12.67947	13.59174	10.66487	11.31054	11.96248		8.71098	7.44468	4.99895	8.04683	9.78236	9.88538	8.57328	9.14921	5.77639	9.23428	8.160234		8.84934	11.69934	10.22022	10.8221	9.13107	12.38463	10.57502	12.11152	13.91721	7.89555	10.76060		6.51655	8.91351	〔fg=#FF0000〕7.71503
560	7.19438		8.74667	12.48824	10.77356	10.12935	11.03158	12.63684	11.62582	12.47486	9.84321	10.48908	11.02392		8.13372	6.82746	4.67666	7.44114	8.98539	9.11657	7.87955	8.49197	5.29909	8.55597	7.540752		8.21147	10.74361	9.49128	9.95481	8.34367	11.3987	9.75735	11.1353	12.74993	7.28884	9.90750		6.18840	8.20036	〔fg=#FF0000〕7.19438
600	6.55766		7.84885	10.87822	9.5821	9.09969	9.82335	11.15142	10.24492	10.99939	8.76947	9.3559	9.77533		7.36841	6.08837	4.35247	6.68683	7.97337	8.14571	7.00375	7.6286	4.78549	7.66458	6.769758		7.40014	9.50255	8.53791	8.85892	7.33719	10.08933	8.70218	9.84725	11.21141	6.52702	8.80139		5.80908	7.30624	〔fg=#FF0000〕6.55766
630	6.13091		7.24524	9.78014	8.74742	8.35679	8.9834	10.11153	9.29407	9.97839	8.02699	8.59029	8.91143		6.82017	5.60372	4.15125	6.18123	7.30455	7.49355	6.41273	7.03314	4.46417	7.04555	6.251006		6.83158	8.6512	7.88483	8.10361	6.66284	9.18025	7.98941	8.95872	10.14839	6.01196	8.04228		5.55386	6.70796	〔fg=#FF0000〕6.13091
670	5.617675		6.50677	8.47867	7.72905	7.4287	7.96543	8.84237	8.1548	8.75352	7.13905	7.60855	7.86069		6.12711	5.02713	3.90552	5.56597	6.51635	6.71188	5.69445	6.31239	4.08429	6.28621	5.62313		6.11165	7.64118	7.07456	7.1757	5.86599	8.08567	7.13508	7.90351	8.87896	5.38529	7.12576		5.24040	5.99495	〔fg=#FF0000〕5.61768
710	5.11728		5.828	7.32404	6.78712	6.5675	7.0427	7.68361	7.13031	7.64741	6.33099	6.70391	6.90456		5.47153	4.50818	3.66197	5.00072	5.7942	5.99094	5.04217	5.64003	3.72437	5.58318	5.041729		5.42598	6.72541	6.32647	6.3281	5.14028	7.08765	6.34767	6.95908	7.73361	4.81059	6.28848		4.90768	5.32688	〔fg=#FF0000〕5.11728
750	4.607735		5.21593	6.30784	5.93048	5.78411	6.19868	6.64092	6.21538	6.64751	5.59121	5.87387	6.04059		4.86102	4.03375	3.41779	4.48033	5.13805	5.33324	4.45237	5.0205	3.39157	4.94267	4.507129		4.79747	5.90432	5.6407	5.56823	4.48982	6.18176	5.62865	6.10596	6.696	4.28296	5.52959		4.53570	4.67977	〔fg=#FF0000〕4.60773
800	4.01265		4.54452	5.26365	5.02622	4.94546	5.29947	5.54802	5.23678	5.59957	4.79164	4.96105	5.12164		4.20501	3.51203	3.12539	3.90044	4.41908	4.61871	3.81822	4.34806	3.01201	4.25274	3.921169		4.12037	5.03635	4.88162	4.74315	3.79948	5.20974	4.85137	5.18956	5.6038	3.69865	4.71341		4.08509	3.94021	〔fg=#FF0000〕4.01265
850	3.507795		3.98826	4.44994	4.3044	4.26152	4.57609	4.67079	4.45822	4.75643	4.12691	4.18589	4.37785		3.67034	3.07524	2.87729	3.40952	3.82238	4.01537	3.29946	3.79339	2.6902	3.68173	3.433492		3.56659	4.33046	4.24945	4.05434	3.23074	4.42559	4.19526	4.42932	4.71928	3.20693	4.04080		3.69762	3.31797	〔fg=#FF0000〕3.50780
900	3.09868		3.54611	3.83075	3.73409	3.71607	4.00281	3.97698	3.85794	4.09636	3.59282	3.56053	3.79145		3.24711	2.71993	2.66873	3.01173	3.33756	3.52733	2.88725	3.33594	2.43405	3.22393	3.039356		3.12187	3.76279	3.73701	3.48986	2.78405	3.81457	3.65563	3.80731	4.01302	2.80672	3.49928		3.38307	2.81429	〔fg=#FF0000〕3.09868
950	2.75459		3.17847	3.32787	3.26831	3.267	3.53134	3.40849	3.37549	3.56493	3.15115	3.07173	3.31448		2.89639	2.42006	2.48491	2.6799	2.92764	3.11652	2.54319	2.94248	2.20809	2.83784	2.705702		2.75117	3.28223	3.3048	3.0135	2.42837	3.31486	3.19927	3.29395	3.43863	2.47573	3.05025		3.11151	2.39767	〔fg=#FF0000〕2.75459
1000	2.447805		2.84593	2.88649	2.85953	2.87604	3.1146	2.91871	2.95397	3.10612	2.75995	2.66481	2.89861		2.58528	2.15296	2.30241	2.38653	2.56539	2.75307	2.23828	2.59033	1.99498	2.49044	2.405967		2.41981	2.8529	2.91995	2.59973	2.12639	2.87715	2.79527	2.85048	2.93574	2.18601	2.65634		2.85774	2.03787	〔fg=#FF0000〕2.44780
1060	2.12093		2.47406	2.40525	2.4137	2.46061	2.65549	2.40491	2.50258	2.61599	2.34221	2.24278	2.45176		2.24633	1.86165	2.08972	2.06088	2.17113	2.34927	1.90924	2.21946	1.7529	2.11368	2.077426		2.06394	2.39196	2.50873	2.16125	1.79807	2.40369	2.36204	2.38877	2.40543	1.8722	2.23561		2.56866	1.6732	〔fg=#FF0000〕2.12093
1120	1.84895		2.1526	1.98949	2.0174	2.10756	2.24996	1.96933	2.11706	2.19252	1.98557	1.88181	2.06633		1.95281	1.61176	1.89748	1.77876	1.83837	1.99676	1.62938	1.89598	1.54258	1.78878	1.793266		1.76274	1.99639	2.15282	1.78965	1.51389	1.99603	1.99517	1.99448	1.94818	1.60247	1.87518		2.31781	1.38009	〔fg=#FF0000〕1.84895
1180	1.624415		1.88462	1.65636	1.70035	1.81499	1.9128	1.63177	1.80105	1.84686	1.69212	1.59143	1.75324		1.70893	1.403	1.72098	1.54203	1.57597	1.71678	1.39723	1.63104	1.37084	1.52613	1.559293		1.52186	1.68063	1.85863	1.49734	1.28921	1.66802	1.70229	1.67081	1.58894	1.37958	1.58573		2.09521	1.15362	〔fg=#FF0000〕1.62441
1250	1.413885		1.60803	1.34946	1.41101	1.539	1.60438	1.3282	1.4995	1.53168	1.41846	1.32488	1.46146		1.47697	1.19863	1.52869	1.31135	1.32739	1.4437	1.17812	1.38172	1.18804	1.28078	1.331539		1.29255	1.38823	1.57456	1.22391	1.07586	1.36919	1.42802	1.38164	1.27528	1.16794	1.31772		1.87038	0.95739	〔fg=#FF0000〕1.41389
1320	1.26266		1.40714	1.12778	1.20318	1.3353	1.37803	1.11037	1.28599	1.29956	1.219	1.13269	1.24990		1.30546	1.04998	1.38343	1.14299	1.14645	1.24244	1.02174	1.2045	1.05601	1.10655	1.165955		1.13246	1.18117	1.36693	1.03369	0.92181	1.15647	1.22996	1.17283	1.05347	1.01694	1.12657		1.70117	0.82415	〔fg=#FF0000〕1.26266
1400	1.14247		1.24549	0.95231	1.02831	1.16155	1.19042	0.94258	1.10828	1.11227	1.06161	0.97626	1.07791		1.16136	0.9359	1.25965	1.00676	1.0046	1.08308	0.90149	1.05841	0.95487	0.96985	1.033597		0.99831	1.01352	1.19532	0.8831	0.8032	0.98849	1.06832	1.001	0.87692	0.89879	0.97270		1.55553	0.72941	〔fg=#FF0000〕1.14247
1500	1.0321		1.07288	0.78014	0.86407	0.99022	1.012	0.78003	0.93868	0.92396	0.91353	0.83406	0.91096		1.01287	0.81978	1.13025	0.87423	0.86442	0.91321	0.78284	0.92428	0.84639	0.83844	0.900671		0.86236	0.86012	1.02223	0.73796	0.69677	0.82372	0.91437	0.84315	0.71683	0.78564	0.82631		1.40462	0.65958	〔fg=#FF0000〕1.03210
1600	0.94338		0.93873	0.65322	0.74082	0.85637	0.87428	0.65949	0.81036	0.78117	0.79773	0.72728	0.78395		0.89801	0.72689	1.02215	0.76759	0.76308	0.79211	0.68495	0.82108	0.76128	0.73096	0.79681		0.75815	0.75384	0.89558	0.62688	0.62093	0.70892	0.79697	0.72118	0.59847	0.70539	0.71863		1.27087	0.61589	〔fg=#FF0000〕0.94338
1700	0.881775		0.84582	0.58199	0.66204	0.7706	0.77765	0.59099	0.72376	0.68497	0.72247	0.66392	0.70242		0.81376	0.66542	0.93067	0.69735	0.69932	0.70627	0.631	0.75312	0.7086	0.66839	0.72739		0.687	0.6799	0.80238	0.56466	0.57478	0.63933	0.71503	0.65004	0.5315	0.64829	0.64929		1.16560	0.59795	〔fg=#FF0000〕0.88177
1800	0.83733		0.77772	0.54315	0.61071	0.70729	0.71225	0.54682	0.66587	0.62464	0.67104	0.62052	0.64800		0.74754	0.62392	0.85709	0.64939	0.65321	0.64635	0.59863	0.6998	0.66711	0.62653	0.676957		0.63937	0.63467	0.73673	0.53126	0.54712	0.59656	0.66063	0.6049	0.49754	0.61336	0.60621		1.08056	0.5941	〔fg=#FF0000〕0.83733
1900	0.795645		0.71152	0.51434	0.56702	0.64638	0.65518	0.50884	0.61268	0.57074	0.62448	0.58376	0.59949		0.68692	0.58281	0.78608	0.60301	0.60859	0.5906	0.56375	0.65309	0.62469	0.58764	0.628718		0.59709	0.59416	0.68027	0.50354	0.52355	0.56134	0.61058	0.56829	0.47249	0.58047	0.56918		0.99880	0.59249	〔fg=#FF0000〕0.79564
2000	0.76485		0.65365	0.48428	0.52996	0.59895	0.60734	0.47538	0.56665	0.52207	0.5859	0.55055	0.55747		0.63964	0.54197	0.73305	0.55802	0.56808	0.53982	0.52771	0.61226	0.58528	0.5481	0.585393		0.55639	0.55833	0.63062	0.47692	0.4929	0.52702	0.5666	0.53717	0.44639	0.55006	0.53424		0.93784	0.59186	〔fg=#FF0000〕0.76485
2120	0.73588		0.61555	0.46507	0.50376	0.56592	0.57209	0.45301	0.53456	0.48557	0.5592	0.52969	0.52844		0.60581	0.50966	0.69293	0.52201	0.54285	0.50223	0.49953	0.58567	0.55654	0.52024	0.553747		0.52733	0.53114	0.5916	0.44793	0.47059	0.49896	0.5356	0.51005	0.42016	0.5241	0.50575		0.89041	0.58135	〔fg=#FF0000〕0.73588
2240	0.705435		0.57982	0.44992	0.47862	0.53565	0.54063	0.43392	0.5069	0.45434	0.53337	0.51152	0.50247		0.57227	0.47996	0.65232	0.4896	0.51948	0.46671	0.47382	0.55891	0.52636	0.49179	0.523122		0.4993	0.50742	0.55747	0.42622	0.45397	0.47641	0.50767	0.48883	0.40039	0.50055	0.48182		0.84028	0.57059	〔fg=#FF0000〕0.70544
2360	0.672995		0.55537	0.44588	0.46009	0.51761	0.51713	0.42348	0.49406	0.43195	0.51643	0.50704	0.48690		0.54645	0.45925	0.61801	0.46826	0.50304	0.44139	0.4558	0.53754	0.50108	0.46952	0.500034		0.47747	0.48745	0.53119	0.41529	0.44707	0.46451	0.49255	0.47583	0.38933	0.4848	0.46655		0.78739	0.5586	〔fg=#FF0000〕0.67300
2500	0.642595		0.55249	0.46036	0.4448	0.51243	0.50218	0.43757	0.49103	0.43138	0.5005	0.50872	0.48415		0.53006	0.4585	0.60006	0.45776	0.50693	0.44308	0.44701	0.52173	0.49009	0.45713	0.491235		0.4695	0.47379	0.52486	0.42437	0.45354	0.47228	0.48787	0.4743	0.39326	0.48205	0.46558		0.73874	0.54645	〔fg=#FF0000〕0.64260
2650	0.61643		0.55811	0.47657	0.43643	0.51721	0.48835	0.46153	0.49196	0.43392	0.48965	0.51377	0.48675		0.51482	0.46305	0.58268	0.45594	0.51267	0.4416	0.45546	0.51052	0.48455	0.45659	0.487788		0.46287	0.45656	0.51179	0.44364	0.46072	0.47158	0.48766	0.47992	0.40058	0.47355	0.46489		0.69866	0.5342	〔fg=#FF0000〕0.61643
2800	0.601095		0.57922	0.48512	0.43099	0.52719	0.48852	0.48468	0.51123	0.44966	0.48717	0.51964	0.49634		0.51149	0.47365	0.59167	0.461	0.52646	0.45755	0.46162	0.50874	0.47768	0.45777	0.492763		0.46151	0.45543	0.5173	0.45684	0.47528	0.47452	0.50472	0.47847	0.40474	0.47915	0.47080		0.67632	0.52587	〔fg=#FF0000〕0.60109
3000	0.604475		0.61922	0.5149	0.43928	0.56039	0.50202	0.54877	0.55681	0.49032	0.48923	0.54483	0.52658		0.51251	0.49765	0.60241	0.48849	0.53804	0.49271	0.47713	0.51954	0.48113	0.47487	0.508448		0.47563	0.46825	0.53321	0.49472	0.50649	0.4985	0.53234	0.49574	0.42033	0.50004	0.49252		0.67594	0.53301	〔fg=#FF0000〕0.60447
3150	0.60031		0.67509	0.55055	0.44756	0.61188	0.52829	0.62374	0.61156	0.54992	0.50391	0.57761	0.56801		0.53263	0.53269	0.63507	0.52462	0.56425	0.54933	0.50736	0.53349	0.49035	0.49852	0.536831		0.49659	0.47792	0.56193	0.53125	0.52629	0.52604	0.56566	0.51377	0.43629	0.52443	0.51602		0.65528	0.54534	〔fg=#FF0000〕0.60031
3350	0.56403		0.76426	0.62966	0.49707	0.70499	0.59183	0.73285	0.71607	0.6672	0.55949	0.65396	0.65174		0.5889	0.62177	0.67469	0.61585	0.63394	0.66323	0.5924	0.58821	0.53812	0.56614	0.608325		0.56633	0.51379	0.63687	0.60552	0.5989	0.59985	0.6364	0.56909	0.48431	0.59941	0.58105		0.61085	0.51721	〔fg=#FF0000〕0.56403
3550	0.554775		0.8437	0.68889	0.60115	0.83532	0.67475	0.82882	0.86448	0.7701	0.63715	0.70975	0.74541		0.65244	0.73737	0.71798	0.74959	0.75857	0.76775	0.71433	0.64015	0.61792	0.63545	0.699155		0.64319	0.56958	0.72436	0.72564	0.73992	0.7056	0.72851	0.65114	0.54991	0.75631	0.67942		0.58178	0.52777	〔fg=#FF0000〕0.55478
3750	0.54998		0.9492	0.75571	0.65336	0.88802	0.80285	0.91523	0.95624	0.85183	0.68744	0.7769	0.82368		0.72417	0.8526	0.79498	0.84182	0.8426	0.89785	0.84461	0.71544	0.66418	0.7991	0.797735		0.79706	0.6569	0.80419	0.79501	0.80782	0.83596	0.87636	0.72544	0.62856	0.82097	0.77483		0.56957	0.53039	〔fg=#FF0000〕0.54998
4000	0.530695		0.9626	0.78402	0.6734	0.90491	0.82746	1.00973	0.988	0.94791	0.7168	0.78904	0.86039		0.74493	0.88579	0.81763	0.87563	0.86535	0.94617	0.89363	0.76142	0.68994	0.85072	0.833121		0.8484	0.7351	0.86907	0.82936	0.83048	0.87339	0.91022	0.76852	0.66288	0.85232	0.81797		0.54092	0.52047	〔fg=#FF0000〕0.53069
4250	0.50038		0.94251	0.7749	0.67024	0.89167	0.82053	1.00811	0.98656	0.95542	0.71852	0.77662	0.85451		0.73729	0.87396	0.79836	0.87727	0.8463	0.95919	0.89299	0.7495	0.6881	0.85295	0.827591		0.84613	0.74228	0.86619	0.82202	0.81733	0.86889	0.90252	0.76402	0.66933	0.85425	0.81530		0.50190	0.49886	〔fg=#FF0000〕0.50038
4500	0.46723		0.9105	0.76574	0.65729	0.86847	0.80752	0.99084	0.96763	0.94596	0.71276	0.76348	0.83902		0.72278	0.84947	0.76847	0.86054	0.81401	0.94664	0.87742	0.72996	0.67657	0.84166	0.808752		0.83434	0.73437	0.85178	0.80345	0.79461	0.85839	0.88301	0.75623	0.66529	0.84289	0.80244		0.45557	0.47889	〔fg=#FF0000〕0.46723
4750	0.419015		0.85597	0.73601	0.63097	0.82235	0.77593	0.94809	0.92937	0.91539	0.68655	0.72837	0.80290		0.69382	0.809	0.72134	0.82323	0.76925	0.90853	0.84583	0.69558	0.64844	0.81002	0.772504		0.80622	0.70589	0.81521	0.76815	0.75298	0.82693	0.84141	0.72981	0.64384	0.80986	0.77003		0.39729	0.44074	〔fg=#FF0000〕0.41902
5000	0.36087		0.80192	0.68957	0.59012	0.76985	0.73124	0.89234	0.86864	0.86667	0.64978	0.67787	0.75380		0.65935	0.76671	0.67435	0.77301	0.74612	0.86166	0.80385	0.65139	0.61166	0.76393	0.731203		0.76547	0.6598	0.76794	0.71327	0.7059	0.7775	0.78911	0.68169	0.60284	0.758	0.72215		0.32888	0.39286	〔fg=#FF0000〕0.36087
5300	0.346675		0.78711	0.6592	0.5715	0.74165	0.6998	0.85563	0.82108	0.81754	0.62427	0.63989	0.72177		0.62603	0.75328	0.6526	0.74013	0.78323	0.80914	0.77853	0.63148	0.60021	0.73395	0.710858		0.73875	0.63826	0.7309	0.67805	0.70847	0.74659	0.76942	0.64869	0.57866	0.72006	0.69579		0.32812	0.36523	〔fg=#FF0000〕0.34668
5600	0.420825		0.91625	0.7023	0.58908	0.80051	0.72046	0.93005	0.85661	0.82912	0.64434	0.67416	0.76629		0.62322	0.80213	0.71249	0.76458	0.94238	0.80724	0.81142	0.67269	0.64137	0.76403	0.754155		0.75615	0.67638	0.7481	0.70874	0.79609	0.77162	0.84834	0.67489	0.60669	0.72739	0.73144		0.41049	0.43116	〔fg=#FF0000〕0.42083
6000	0.66153		0.89487	0.79837	0.58681	0.69812	0.70114	0.93597	0.82975	0.83678	0.60104	0.69045	0.75733		0.53635	0.78735	0.63012	0.71738	0.86022	0.71689	0.77461	0.68986	0.64972	0.77355	0.713605		0.75112	0.75116	0.684	0.82345	0.82343	0.79949	0.8911	0.75236	0.69291	0.68391	0.76529		0.64913	0.67393	〔fg=#FF0000〕0.66153
6300	0.859545		0.78829	0.74326	0.55151	0.63125	0.58327	0.85334	0.75346	0.76732	0.53932	0.61705	0.68281		0.44933	0.68706	0.5337	0.63341	0.77246	0.58983	0.6576	0.61009	0.60064	0.6289	0.616302		0.61365	0.68208	0.59034	0.81704	0.76993	0.69345	0.76344	0.70289	0.6558	0.62869	0.69173		0.74129	0.9778	〔fg=#FF0000〕0.85955
6700	0.866185		0.73331	0.68141	0.49857	0.58617	0.53335	0.72611	0.67843	0.64437	0.48536	0.56999	0.61371		0.40505	0.61279	0.47806	0.56528	0.70797	0.5083	0.57526	0.53729	0.54517	0.53942	0.547459		0.53507	0.57572	0.49855	0.75583	0.71054	0.62542	0.69301	0.62907	0.59426	0.56434	0.61818		0.73028	1.00209	〔fg=#FF0000〕0.86618
7100	0.837445		0.69427	0.64556	0.46095	0.55386	0.49811	0.67609	0.62434	0.58969	0.44697	0.53481	0.57247		0.37004	0.56821	0.44218	0.51519	0.66876	0.44413	0.53067	0.5029	0.50226	0.49038	0.503472		0.49536	0.52899	0.45471	0.71093	0.6751	0.58541	0.65094	0.5885	0.54641	0.51706	0.57534		0.69914	0.97575	〔fg=#FF0000〕0.83744
7500	0.81691		0.65416	0.60678	0.42963	0.51572	0.46039	0.63059	0.58272	0.5461	0.40519	0.49442	0.53257		0.33032	0.53628	0.40275	0.47587	0.63458	0.39743	0.49446	0.46694	0.46307	0.45147	0.465317		0.4587	0.49151	0.41405	0.67783	0.64429	0.5466	0.61348	0.54816	0.51111	0.47737	0.53831		0.68071	0.95311	〔fg=#FF0000〕0.81691
8000	0.8119		0.62232	0.57579	0.40771	0.48597	0.42925	0.59324	0.54394	0.50916	0.37136	0.46309	0.50018		0.29489	0.51473	0.37576	0.44471	0.60456	0.36562	0.46783	0.43517	0.43636	0.42247	0.43621		0.42981	0.46613	0.38227	0.65078	0.62275	0.51631	0.58677	0.51647	0.48732	0.44934	0.51080		0.67439	0.94941	〔fg=#FF0000〕0.81190
8500	0.79831		0.58665	0.54894	0.39048	0.46195	0.40858	0.55283	0.52232	0.47537	0.35129	0.44792	0.47463		0.27569	0.48235	0.36112	0.41964	0.55361	0.34087	0.44347	0.41804	0.4153	0.40225	0.411234		0.40681	0.45286	0.35854	0.62711	0.59465	0.49126	0.56445	0.49729	0.46998	0.43082	0.48938		0.65970	0.93692	〔fg=#FF0000〕0.79831
9000	0.74215		0.46814	0.47829	0.34558	0.38208	0.35824	0.44987	0.45504	0.40151	0.30171	0.39439	0.40348		0.23718	0.39289	0.2959	0.35728	0.41392	0.27692	0.37217	0.36269	0.35427	0.34691	0.341013		0.34986	0.41118	0.29982	0.56548	0.50252	0.4313	0.48442	0.45147	0.41981	0.3843	0.43002		0.60189	0.88241	〔fg=#FF0000〕0.74215
9500	0.621455		0.26744	0.33262	0.25317	0.24276	0.25866	0.27447	0.30779	0.26976	0.21239	0.27343	0.26925		0.17565	0.24778	0.19324	0.23656	0.20939	0.17315	0.24663	0.25009	0.24189	0.236	0.221038		0.24696	0.3028	0.19928	0.41824	0.32713	0.30587	0.31898	0.33189	0.30958	0.27654	0.30373		0.47329	0.76962	〔fg=#FF0000〕0.62145
10000	0.41368		0.17401	0.17433	0.13903	0.17764	0.16387	0.15742	0.16795	0.14876	0.14631	0.17504	0.16244		0.15233	0.12545	0.17451	0.12853	0.1289	0.11796	0.13489	0.15472	0.13361	0.12791	0.137881		0.14495	0.16495	0.137	0.20482	0.15556	0.15792	0.16482	0.17111	0.16296	0.14624	0.16103		0.26860	0.55876	〔fg=#FF0000〕0.41368
10600	0.14879		0.15688	0.13932	0.10158	0.16947	0.14294	0.13548	0.13461	0.11977	0.1358	0.15828	0.13941		0.14943	0.0995	0.16962	0.10863	0.11355	0.10933	0.11204	0.13747	0.11373	0.10442	0.121772		0.12145	0.12844	0.13006	0.11672	0.12042	0.12159	0.13656	0.1232	0.10468	0.11638	0.12195		0.12476	0.17282	〔fg=#FF0000〕0.14879
11200	0.107535		0.15134	0.12704	0.09807	0.15535	0.12951	0.13027	0.13442	0.11504	0.11864	0.14474	0.13044		0.12915	0.10633	0.15293	0.10886	0.11375	0.10492	0.10426	0.12211	0.10282	0.10298	0.114811		0.1117	0.1239	0.11714	0.10635	0.1197	0.11459	0.12884	0.1118	0.09914	0.11157	0.11447		0.10207	0.113	〔fg=#FF0000〕0.10754
11800	0.108355		0.14603	0.11761	0.09686	0.14587	0.12037	0.1218	0.13202	0.11205	0.1077	0.13623	0.12365		0.11876	0.10726	0.14554	0.10738	0.11137	0.10278	0.10084	0.11351	0.09635	0.10238	0.110617		0.1053	0.11888	0.10656	0.10637	0.11528	0.10599	0.12386	0.10393	0.09743	0.10599	0.10896		0.10342	0.11329	〔fg=#FF0000〕0.10836
12500	0.110075		0.15265	0.11794	0.10286	0.15008	0.12553	0.12522	0.13779	0.11768	0.10832	0.13845	0.12765		0.12332	0.1122	0.15075	0.11481	0.1185	0.10748	0.10511	0.11914	0.10002	0.10917	0.11605		0.10979	0.12224	0.10618	0.1099	0.11744	0.10843	0.1253	0.10573	0.10057	0.10839	0.11140		0.10671	0.11344	〔fg=#FF0000〕0.11008
13200	0.10394		0.1666	0.12619	0.10567	0.16407	0.13775	0.13633	0.14985	0.12735	0.11739	0.14843	0.13796		0.13586	0.11523	0.16211	0.12633	0.12844	0.11238	0.10916	0.13162	0.10352	0.1166	0.124125		0.11641	0.12731	0.11172	0.11635	0.1209	0.11508	0.12995	0.1104	0.1032	0.11416	0.11655		0.10285	0.10503	〔fg=#FF0000〕0.10394
14000	0.093585		0.18097	0.14059	0.11247	0.17732	0.15564	0.15363	0.1643	0.14454	0.13021	0.16358	0.15232		0.15021	0.12306	0.16531	0.14541	0.14564	0.122	0.11181	0.14222	0.108	0.12739	0.134105		0.12515	0.13658	0.12756	0.12858	0.12899	0.13226	0.13748	0.12533	0.10909	0.12913	0.12801		0.09779	0.08938	〔fg=#FF0000〕0.09359

## IMP  DATA_(NTI
	〔fg=#0000FF,b〕 ST AVG		〔fg=#0000FF,b〕Bond SJ4774 #1	〔fg=#0000FF,b〕Bond SJ4774 #2	〔fg=#0000FF,b〕Bond SJ4774 #3	〔fg=#0000FF,b〕Bond SJ4774 #4	〔fg=#0000FF,b〕Bond SJ4774 #5	〔fg=#0000FF,b〕Bond SJ4774 #6	〔fg=#0000FF,b〕Bond SJ4774 #7	〔fg=#0000FF,b〕Bond SJ4774 #8	〔fg=#0000FF,b〕Bond SJ4774 #9	〔fg=#0000FF,b〕Bond SJ4774 #10	〔fg=#FF0000,b〕Bond SJ4774 AVG		〔fg=#0000FF,b〕Bond VE 562850 #1	〔fg=#0000FF,b〕Bond VE 562850 #2	〔fg=#0000FF,b〕Bond VE 562850 #3	〔fg=#0000FF,b〕Bond VE 562850 #4	〔fg=#0000FF,b〕Bond VE 562850 #5	〔fg=#0000FF,b〕Bond VE 562850 #6	〔fg=#0000FF,b〕Bond VE 562850 #7	〔fg=#0000FF,b〕Bond VE 562850 #8	〔fg=#0000FF,b〕Bond VE 562850 #9	〔fg=#0000FF,b〕Bond VE 562850 #10	〔fg=#FF0000,b〕Bond VE 562850 AVG		〔fg=#0000FF,b〕Old bond #1	〔fg=#0000FF,b〕Old bond #2	〔fg=#0000FF,b〕Old bond #3	〔fg=#0000FF,b〕Old bond #4	〔fg=#0000FF,b〕Old bond #5	〔fg=#0000FF,b〕Old bond #6	〔fg=#0000FF,b〕Old bond #7	〔fg=#0000FF,b〕Old bond #8	〔fg=#0000FF,b〕Old bond #9	〔fg=#0000FF,b〕Old bond #10	〔fg=#FF0000,b〕Old bond AVG		〔fg=#0000FF,b〕ST #1	〔fg=#0000FF,b〕ST #2	〔fg=#FF0000,b〕ST AVG
100	6.16239		5.95258	6.10874	6.08494	5.99646	6.13835	6.06849	6.16794	6.09431	6.1798	6.07069	6.08623		6.15255	6.09621	5.97047	6.09779	5.99781	6.07614	6.11471	6.11975	6.18988	6.07698	6.08923		6.10191	6.12944	5.98233	6.13873	6.09283	6.15834	5.96548	6.13419	6.11547	6.14057	6.09593		6.16767	6.15711	〔fg=#FF0000〕6.16239
106	6.25246		6.04754	6.19763	6.17694	6.08469	6.22825	6.15572	6.25887	6.18477	6.26703	6.1619	6.17633		6.24077	6.18808	6.06297	6.18453	6.09106	6.16435	6.2035	6.2082	6.28088	6.16696	6.17913		6.19594	6.21729	6.07425	6.2293	6.18076	6.24723	6.05546	6.22131	6.20128	6.22649	6.18493		6.25803	6.24689	〔fg=#FF0000〕6.25246
112	6.3217		6.11939	6.26865	6.24662	6.15572	6.29688	6.22566	6.32802	6.25627	6.3381	6.23168	6.24670		6.30932	6.25857	6.13462	6.25268	6.16164	6.23218	6.27452	6.27771	6.34944	6.23754	6.24882		6.26716	6.28615	6.14474	6.29913	6.25016	6.31736	6.12647	6.29122	6.2682	6.29553	6.25461		6.32752	6.31588	〔fg=#FF0000〕6.32170
118	6.37809		6.179	6.32719	6.3031	6.21404	6.35352	6.28313	6.38459	6.314	6.39483	6.29063	6.30440		6.36588	6.31729	6.19245	6.30948	6.21894	6.28812	6.33225	6.33446	6.40676	6.29356	6.30592		6.32613	6.34422	6.20229	6.35608	6.30669	6.37478	6.18474	6.34933	6.32373	6.35311	6.31211		6.38396	6.37222	〔fg=#FF0000〕6.37809
125	6.43183		6.23358	6.38646	6.35941	6.26875	6.40706	6.33865	6.4382	6.3682	6.4497	6.34415	6.35942		6.42001	6.37136	6.24824	6.36403	6.27341	6.34347	6.3886	6.38966	6.4607	6.34817	6.36077		6.38028	6.39956	6.25724	6.40971	6.36079	6.43048	6.24152	6.40532	6.37823	6.40828	6.36714		6.43773	6.42593	〔fg=#FF0000〕6.43183
132	6.476735		6.27882	6.4323	6.40523	6.31294	6.45137	6.38353	6.48142	6.41285	6.49512	6.38956	6.40431		6.46484	6.41742	6.29338	6.40828	6.31824	6.38846	6.43371	6.43684	6.5053	6.39282	6.40593		6.425	6.44499	6.30199	6.45473	6.40594	6.47653	6.28685	6.45133	6.42251	6.45389	6.41238		6.48318	6.47029	〔fg=#FF0000〕6.47673
140	6.5201		6.32316	6.47771	6.44939	6.35675	6.49418	6.42721	6.52416	6.45669	6.53775	6.43283	6.44798		6.50933	6.46153	6.3396	6.45105	6.36198	6.43101	6.47907	6.48131	6.5474	6.43702	6.44993		6.46988	6.48917	6.34485	6.49867	6.44832	6.52018	6.33253	6.49746	6.46541	6.49826	6.45647		6.52714	6.51306	〔fg=#FF0000〕6.52010
150	6.567705		6.37143	6.52467	6.49635	6.40314	6.54117	6.47425	6.57081	6.50342	6.58442	6.47925	6.49489		6.55546	6.50694	6.38876	6.49671	6.40859	6.47707	6.52533	6.52896	6.59454	6.48269	6.49650		6.51656	6.53517	6.39134	6.54438	6.49522	6.56741	6.37989	6.54499	6.51181	6.54591	6.50327		6.57513	6.56028	〔fg=#FF0000〕6.56771
160	6.607115		6.41046	6.56322	6.53473	6.44167	6.57986	6.51351	6.60786	6.54079	6.62323	6.51759	6.53329		6.59414	6.54549	6.42766	6.5348	6.44699	6.51675	6.56324	6.56757	6.63132	6.52096	6.53489		6.55443	6.57312	6.42996	6.58295	6.53429	6.60667	6.41843	6.58437	6.55084	6.5858	6.54209		6.61468	6.59955	〔fg=#FF0000〕6.60712
170	6.641185		6.44408	6.59591	6.56783	6.47345	6.61285	6.54651	6.64107	6.57348	6.65631	6.5513	6.56628		6.62659	6.57919	6.46043	6.56705	6.47906	6.54936	6.59574	6.59996	6.66403	6.55275	6.56742		6.58784	6.60538	6.46245	6.61681	6.56653	6.6408	6.45246	6.61801	6.58209	6.61945	6.57518		6.64882	6.63355	〔fg=#FF0000〕6.64119
180	6.670125		6.47241	6.62397	6.59635	6.50093	6.64025	6.57384	6.66874	6.6006	6.68486	6.57932	6.59413		6.65445	6.60743	6.48842	6.59474	6.50693	6.5771	6.62455	6.62815	6.69153	6.57963	6.59529		6.61567	6.63227	6.48991	6.64582	6.59466	6.66978	6.48134	6.64721	6.6089	6.64722	6.60328		6.67743	6.66282	〔fg=#FF0000〕6.67013
190	6.696535		6.49769	6.6487	6.62192	6.52572	6.66401	6.59834	6.69256	6.62463	6.7105	6.60436	6.61884		6.67936	6.63239	6.51316	6.61881	6.53191	6.60147	6.64983	6.6535	6.71515	6.60426	6.61998		6.64083	6.65627	6.51457	6.67028	6.61938	6.69532	6.50543	6.6738	6.63262	6.67155	6.62800		6.70416	6.68891	〔fg=#FF0000〕6.69653
200	6.719845		6.5201	6.67214	6.64503	6.54782	6.686	6.62013	6.715	6.64709	6.73248	6.62638	6.64122		6.69985	6.6544	6.53552	6.64151	6.55381	6.62365	6.67268	6.67682	6.73747	6.627	6.64227		6.66208	6.67842	6.5375	6.69226	6.6414	6.71743	6.52694	6.69676	6.65516	6.69383	6.65018		6.72703	6.71266	〔fg=#FF0000〕6.71984
212	6.74475		6.54422	6.69646	6.66928	6.57133	6.7082	6.64319	6.73846	6.6712	6.75796	6.65057	6.66509		6.72312	6.67769	6.55938	6.66463	6.57696	6.64676	6.69612	6.70055	6.76081	6.65099	6.66570		6.68561	6.70132	6.56111	6.71661	6.66596	6.74121	6.55166	6.72224	6.67848	6.71705	6.67413		6.75162	6.73788	〔fg=#FF0000〕6.74475
224	6.766395		6.56531	6.71743	6.69018	6.59162	6.72992	6.66439	6.75854	6.69137	6.77909	6.67123	6.68591		6.74357	6.69907	6.58145	6.6846	6.59829	6.66756	6.7171	6.72166	6.78267	6.67186	6.68678		6.7063	6.72307	6.58183	6.73757	6.68747	6.76243	6.57239	6.74321	6.69881	6.73881	6.69519		6.77336	6.75943	〔fg=#FF0000〕6.76640
236	6.78689		6.58421	6.73653	6.70924	6.61053	6.74945	6.68432	6.77808	6.71018	6.79763	6.69076	6.70509		6.76213	6.71918	6.60114	6.70412	6.6172	6.68755	6.73705	6.74151	6.80212	6.69105	6.70631		6.72466	6.7428	6.60164	6.75677	6.70626	6.7818	6.59171	6.76213	6.71845	6.75838	6.71446		6.79369	6.78009	〔fg=#FF0000〕6.78689
250	6.80833		6.60427	6.75721	6.72857	6.62961	6.77018	6.70512	6.79984	6.72937	6.81769	6.71081	6.72527		6.78151	6.7392	6.62093	6.72373	6.63712	6.70741	6.75669	6.76153	6.82242	6.71067	6.72612		6.74486	6.76292	6.62153	6.77721	6.72619	6.80189	6.61197	6.78318	6.73972	6.77877	6.73482		6.81552	6.80114	〔fg=#FF0000〕6.80833
265	6.82906		6.62436	6.77697	6.74892	6.64901	6.79049	6.72359	6.81883	6.74964	6.83812	6.73097	6.74509		6.80127	6.75982	6.64136	6.74419	6.65713	6.72706	6.77594	6.78171	6.84241	6.73045	6.74613		6.76506	6.78242	6.64136	6.79622	6.74656	6.82286	6.63122	6.80339	6.75882	6.79894	6.75468		6.83688	6.82124	〔fg=#FF0000〕6.82906
280	6.849165		6.64245	6.79632	6.76688	6.66673	6.80811	6.7416	6.83735	6.76902	6.85724	6.74982	6.76355		6.81886	6.77768	6.65916	6.76303	6.67567	6.74597	6.79455	6.79949	6.86048	6.74847	6.76434		6.7822	6.80136	6.66098	6.8154	6.76574	6.84108	6.64988	6.82253	6.77745	6.81733	6.77339		6.85682	6.84151	〔fg=#FF0000〕6.84917
300	6.87391		6.66602	6.81886	6.79036	6.68834	6.8313	6.76447	6.86037	6.7931	6.88188	6.77314	6.78678		6.84141	6.80112	6.68175	6.78653	6.69812	6.76888	6.81718	6.82321	6.8842	6.77175	6.78742		6.80504	6.82393	6.68423	6.83882	6.79057	6.86424	6.67304	6.84577	6.80004	6.83978	6.79655		6.88201	6.86581	〔fg=#FF0000〕6.87391
315	6.89183		6.68245	6.83642	6.80684	6.70321	6.84799	6.78096	6.87734	6.81041	6.89837	6.79012	6.80341		6.85769	6.81898	6.6982	6.80256	6.7148	6.78656	6.83365	6.83903	6.90177	6.7889	6.80421		6.82158	6.84096	6.69998	6.85582	6.80799	6.88097	6.68946	6.86386	6.81685	6.85625	6.81337		6.90029	6.88337	〔fg=#FF0000〕6.89183
335	6.914915		6.7042	6.85807	6.82692	6.72382	6.86908	6.80126	6.89873	6.83253	6.92012	6.81107	6.82458		6.87779	6.84108	6.71845	6.82397	6.73606	6.8083	6.85524	6.86081	6.92334	6.8105	6.82555		6.84133	6.86204	6.72176	6.87764	6.82953	6.90197	6.71134	6.88584	6.83872	6.87786	6.83480		6.92425	6.90558	〔fg=#FF0000〕6.91491
355	6.93692		6.72479	6.87972	6.84593	6.74316	6.88901	6.82064	6.92021	6.85382	6.94084	6.83302	6.84511		6.89718	6.86247	6.73752	6.84487	6.75667	6.83003	6.87579	6.88215	6.94476	6.83077	6.84622		6.86128	6.88274	6.74245	6.8986	6.85086	6.92377	6.73224	6.90804	6.85988	6.89884	6.85587		6.94633	6.92751	〔fg=#FF0000〕6.93692
375	6.960355		6.74598	6.90266	6.86558	6.76132	6.90986	6.84091	6.94134	6.87541	6.96299	6.85367	6.86597		6.91672	6.8843	6.7566	6.86651	6.77809	6.85168	6.89705	6.90394	6.96607	6.85183	6.86728		6.88196	6.90478	6.76507	6.92114	6.87231	6.94571	6.75329	6.93072	6.88041	6.91961	6.87750		6.97054	6.95017	〔fg=#FF0000〕6.96035
400	6.990685		6.77339	6.93061	6.89106	6.78614	6.93558	6.86586	6.96929	6.9035	6.99107	6.88117	6.89277		6.9423	6.91211	6.78265	6.89434	6.80538	6.87959	6.92295	6.93113	6.99376	6.87697	6.89412		6.90751	6.9326	6.792	6.94931	6.9006	6.97427	6.7815	6.95933	6.907	6.94732	6.90514		7.00179	6.97958	〔fg=#FF0000〕6.99069
425	7.02321		6.80263	6.96065	6.918	6.81136	6.96412	6.89282	6.99897	6.93276	7.02094	6.90991	6.92122		6.96767	6.94228	6.80889	6.92427	6.83491	6.90891	6.9515	6.95942	7.0238	6.90485	6.92265		6.93382	6.96207	6.82077	6.97934	6.93126	7.00488	6.81075	6.99033	6.93583	6.97546	6.93445		7.03452	7.0119	〔fg=#FF0000〕7.02321
450	7.05896		6.83399	6.99274	6.94656	6.83736	6.99304	6.92105	7.03165	6.9642	7.05234	6.94118	6.95141		6.99455	6.97385	6.83718	6.95544	6.86633	6.94081	6.9813	6.99072	7.05551	6.93436	6.95300		6.96219	6.99263	6.85071	7.01112	6.9643	7.037	6.84218	7.02309	6.96636	7.00524	6.96548		7.07136	7.04656	〔fg=#FF0000〕7.05896
475	7.098295		6.86823	7.02748	6.97758	6.86594	7.02525	6.95102	7.06652	6.99815	7.08729	6.97499	6.98424		7.02376	7.00803	6.86704	6.98966	6.90049	6.97534	7.01365	7.02388	7.09025	6.96625	6.98583		6.9922	7.02649	6.88362	7.04563	7.00005	7.07184	6.87653	7.05998	6.99975	7.03866	6.99948		7.11147	7.08512	〔fg=#FF0000〕7.09830
500	7.14268		6.90606	7.067	7.01122	6.89731	7.06048	6.98499	7.10404	7.03543	7.12559	7.01242	7.02045		7.05657	7.04691	6.90051	7.02756	6.93878	7.01313	7.05001	7.06012	7.12923	7.00089	7.02237		7.02485	7.06479	6.92006	7.08416	7.03951	7.11057	6.91465	7.10055	7.03568	7.0742	7.03690		7.15712	7.12824	〔fg=#FF0000〕7.14268
530	7.206025		6.95965	7.12049	7.05776	6.93941	7.10879	7.03027	7.15727	7.08715	7.17931	7.06517	7.07053		7.10047	7.09986	6.94701	7.07988	6.99238	7.06592	7.09915	7.11153	7.18309	7.04888	7.07282		7.0696	7.11691	6.9695	7.13733	7.09539	7.16428	6.96644	7.15765	7.08796	7.12405	7.08891		7.22179	7.19026	〔fg=#FF0000〕7.20603
560	7.28123		7.01988	7.18377	7.11108	6.98873	7.16467	7.0827	7.21953	7.14823	7.24076	7.12651	7.12859		7.15014	7.16008	7.00158	7.1411	7.05343	7.12797	7.15663	7.17212	7.2457	7.10432	7.13131		7.12039	7.17887	7.02783	7.19913	7.16005	7.22638	7.03004	7.22327	7.14811	7.18276	7.14968		7.29760	7.26486	〔fg=#FF0000〕7.28123
600	7.40554		7.11906	7.28881	7.20074	7.07024	7.25811	7.16842	7.32124	7.24763	7.3428	7.22898	7.22460		7.23232	7.26149	7.08954	7.24104	7.15738	7.22834	7.25013	7.2705	7.34904	7.19418	7.22740		7.20392	7.28351	7.12217	7.30028	7.26625	7.33079	7.12998	7.33114	7.24854	7.27855	7.24951		7.42240	7.38868	〔fg=#FF0000〕7.40554
630	7.517375		7.20544	7.38248	7.28064	7.14239	7.34124	7.24283	7.41238	7.33433	7.43368	7.31674	7.30921		7.30513	7.35079	7.16564	7.3287	7.24988	7.31631	7.33231	7.35885	7.43998	7.27526	7.31229		7.27718	7.37682	7.20621	7.38921	7.35873	7.422	7.21796	7.42483	7.33759	7.36352	7.33741		7.53649	7.49826	〔fg=#FF0000〕7.51737
670	7.71176		7.34521	7.52842	7.41172	7.26206	7.47628	7.36682	7.5589	7.47324	7.58313	7.45725	7.44630		7.42758	7.49623	7.29102	7.4703	7.4033	7.45686	7.46739	7.50506	7.58685	7.40679	7.45114		7.39848	7.52884	7.34197	7.53637	7.50794	7.56696	7.35908	7.57959	7.48167	7.50199	7.48029		7.73483	7.68869	〔fg=#FF0000〕7.71176
710	7.957095		7.5145	7.6909	7.56917	7.40669	7.63694	7.51375	7.73304	7.6337	7.76464	7.62413	7.60875		7.57637	7.67035	7.43914	7.63491	7.58841	7.62008	7.6318	7.68264	7.76279	7.56725	7.61737		7.54609	7.7102	7.50433	7.71258	7.68527	7.73817	7.52752	7.76933	7.64985	7.66788	7.65112		7.98130	7.93289	〔fg=#FF0000〕7.95710
750	8.24557		7.7047	7.8756	7.74975	7.5786	7.81999	7.68507	7.92818	7.81113	7.97211	7.81826	7.79434		7.75617	7.86505	7.61256	7.81608	7.80051	7.80359	7.82156	7.89079	7.96513	7.75234	7.80838		7.72101	7.91692	7.68947	7.91128	7.88762	7.93177	7.72085	7.98546	7.83675	7.86226	7.84634		8.26769	8.22345	〔fg=#FF0000〕8.24557
800	8.609125		7.94599	8.13019	7.99709	7.81735	8.06784	7.92101	8.18203	8.04479	8.23954	8.08334	8.04292		8.01104	8.11114	7.84505	8.04813	8.06799	8.03225	8.07767	8.17052	8.22364	8.00613	8.05936		7.96352	8.18727	7.92796	8.16733	8.14904	8.19124	7.97416	8.26238	8.08481	8.1179	8.10256		8.62228	8.59597	〔fg=#FF0000〕8.60912
850	8.8631		8.13973	8.36064	8.23563	8.04771	8.29354	8.14192	8.39452	8.24782	8.46208	8.31589	8.26395		8.26349	8.30745	8.05015	8.23757	8.27572	8.21422	8.30739	8.41005	8.43516	8.23722	8.27384		8.19386	8.40782	8.12724	8.37787	8.35538	8.41535	8.19123	8.48086	8.30526	8.33863	8.31935		8.86093	8.86527	〔fg=#FF0000〕8.86310
900	8.90108		8.23528	8.49362	8.40073	8.21337	8.43727	8.29361	8.51064	8.36659	8.57555	8.44693	8.39736		8.45045	8.3991	8.17226	8.33543	8.36251	8.30323	8.45135	8.53461	8.54353	8.38694	8.39394		8.36757	8.50781	8.23295	8.4857	8.44375	8.5385	8.30844	8.57678	8.43213	8.4621	8.43557		8.88693	8.91523	〔fg=#FF0000〕8.90108
950	8.71152		8.1959	8.47705	8.42381	8.25093	8.43794	8.32077	8.48629	8.35448	8.53613	8.42395	8.39072		8.50242	8.35087	8.16317	8.3023	8.29187	8.26591	8.45671	8.49599	8.50644	8.39988	8.37356		8.42504	8.44506	8.20741	8.44953	8.37623	8.51195	8.28229	8.51294	8.41267	8.43862	8.40617		8.69600	8.72704	〔fg=#FF0000〕8.71152
1000	8.414355		8.063	8.34599	8.32615	8.17858	8.3257	8.24462	8.35958	8.24501	8.38781	8.28353	8.27600		8.42801	8.20866	8.05229	8.17866	8.118	8.14518	8.34858	8.33876	8.36685	8.29797	8.24830		8.37255	8.2745	8.08617	8.31187	8.2078	8.37458	8.14784	8.33901	8.28214	8.30733	8.27038		8.40171	8.427	〔fg=#FF0000〕8.41436
1060	8.037435		7.82701	8.09111	8.08741	7.9703	8.08854	8.04286	8.11845	8.02645	8.12704	8.01971	8.03989		8.20433	7.96752	7.83004	7.95224	7.8461	7.92622	8.11695	8.0623	8.11447	8.06887	8.00890		8.17851	7.99276	7.85643	8.06008	7.93842	8.11808	7.89751	8.06015	8.02994	8.06019	8.01921		8.02659	8.04828	〔fg=#FF0000〕8.03744
1120	7.72213		7.58337	7.82397	7.8205	7.7225	7.82512	7.80343	7.86144	7.78637	7.85788	7.74711	7.78317		7.93232	7.72189	7.59076	7.7152	7.5835	7.69721	7.8559	7.78364	7.85718	7.8109	7.75485		7.92662	7.72204	7.61481	7.80276	7.67786	7.85244	7.63719	7.78405	7.76486	7.80112	7.75838		7.71303	7.73123	〔fg=#FF0000〕7.72213
1180	7.490815		7.37552	7.59519	7.58537	7.49369	7.59774	7.58286	7.63922	7.57196	7.63199	7.51744	7.55910		7.68754	7.51465	7.38398	7.50855	7.3692	7.49642	7.62527	7.55396	7.63602	7.58189	7.53575		7.68789	7.50414	7.40624	7.58254	7.4663	7.62479	7.41554	7.56163	7.54169	7.57926	7.53700		7.48384	7.49779	〔fg=#FF0000〕7.49081
1250	7.30397		7.18839	7.3908	7.37491	7.28378	7.39331	7.3774	7.43732	7.3765	7.43099	7.31672	7.35701		7.46498	7.33126	7.19799	7.32365	7.18464	7.3138	7.41481	7.35369	7.43841	7.37248	7.33957		7.46244	7.31668	7.2183	7.38608	7.2818	7.42414	7.21718	7.36643	7.34242	7.38359	7.33991		7.29863	7.30931	〔fg=#FF0000〕7.30397
1320	7.180695		7.05559	7.2461	7.22465	7.13301	7.24952	7.2275	7.29111	7.23501	7.29034	7.17592	7.21288		7.3066	7.20062	7.06806	7.191	7.05725	7.18179	7.26402	7.21667	7.29777	7.22222	7.20060		7.29887	7.18801	7.08425	7.24766	7.15378	7.28055	7.07767	7.23243	7.20354	7.24583	7.20126		7.17772	7.18367	〔fg=#FF0000〕7.18070
1400	7.08832		6.9513	7.13232	7.10742	7.01469	7.13629	7.10722	7.17634	7.121	7.17854	7.06756	7.09927		7.18228	7.09729	6.96719	7.08634	6.95831	7.07586	7.14453	7.11085	7.18618	7.10302	7.09118		7.169	7.08897	6.97858	7.1386	7.05432	7.16714	6.96684	7.12714	7.09404	7.13892	7.09236		7.08659	7.09005	〔fg=#FF0000〕7.08832
1500	7.017735		6.86834	7.04258	7.01645	6.92055	7.04914	7.01194	7.08527	7.03113	7.09131	6.98069	7.00974		7.08544	7.01525	6.88819	7.00194	6.88182	6.99155	7.04996	7.028	7.0972	7.00803	7.00474		7.06451	7.01153	6.89521	7.05155	6.97572	7.07829	6.88099	7.0437	7.00781	7.05512	7.00644		7.01649	7.01898	〔fg=#FF0000〕7.01774
1600	6.976055		6.8195	6.98985	6.96274	6.86375	6.99549	6.95456	7.02988	6.97572	7.03863	6.92848	6.95586		7.02833	6.9657	6.84101	6.95116	6.83597	6.93992	6.99226	6.97984	7.0435	6.95284	6.95305		7.00334	6.96664	6.84525	6.99933	6.92984	7.02406	6.82916	6.99274	6.95492	7.0053	6.95506		6.97571	6.9764	〔fg=#FF0000〕6.97606
1700	6.95182		6.78873	6.95627	6.93011	6.8294	6.96345	6.91822	6.99439	6.94068	7.00622	6.89718	6.92246		6.99251	6.9354	6.81247	6.92078	6.80834	6.90898	6.95679	6.95064	7.01063	6.91819	6.92147		6.96434	6.93949	6.81383	6.96721	6.90214	6.99109	6.79754	6.96216	6.92244	6.9746	6.92348		6.95156	6.95208	〔fg=#FF0000〕6.95182
1800	6.93854		6.77038	6.93614	6.91124	6.81026	6.94435	6.89731	6.974	6.92009	6.98747	6.88021	6.90315		6.972	6.91831	6.79575	6.90276	6.79206	6.8897	6.93582	6.93338	6.99059	6.89645	6.90268		6.94089	6.92386	6.79516	6.9474	6.88597	6.97234	6.77789	6.94463	6.90401	6.95655	6.90487		6.93854	6.93854	〔fg=#FF0000〕6.93854
1900	6.93231		6.7605	6.92541	6.90057	6.79905	6.93421	6.88528	6.96364	6.90869	6.97698	6.87117	6.89255		6.96075	6.90881	6.78726	6.89279	6.78357	6.87824	6.92429	6.92423	6.97967	6.88434	6.89239		6.92765	6.91629	6.78574	6.93756	6.87776	6.9616	6.76713	6.93499	6.89447	6.94707	6.89503		6.93252	6.9321	〔fg=#FF0000〕6.93231
2000	6.93122		6.75666	6.92065	6.89628	6.79379	6.93073	6.87906	6.95871	6.90368	6.97343	6.86852	6.88815		6.95574	6.9057	6.78425	6.88743	6.78153	6.87415	6.91876	6.92202	6.97469	6.8791	6.88834		6.9209	6.91463	6.78244	6.93331	6.87533	6.95729	6.7627	6.93205	6.89057	6.94316	6.89124		6.93141	6.93103	〔fg=#FF0000〕6.93122
2120	6.933165		6.75732	6.92064	6.89558	6.79221	6.93018	6.87858	6.95673	6.90178	6.97269	6.86694	6.88726		6.9545	6.9051	6.78451	6.8876	6.78265	6.87337	6.91755	6.92151	6.97378	6.8776	6.88782		6.91784	6.91538	6.78265	6.93232	6.87531	6.95561	6.76285	6.93145	6.89006	6.94394	6.89074		6.93342	6.93291	〔fg=#FF0000〕6.93316
2240	6.93793		6.76058	6.92383	6.89949	6.79523	6.93347	6.88122	6.95924	6.90512	6.97559	6.87113	6.89049		6.95778	6.90874	6.78847	6.89069	6.78621	6.8754	6.91944	6.92653	6.97685	6.88058	6.89107		6.9214	6.9198	6.78635	6.93508	6.8788	6.95845	6.76625	6.93438	6.89406	6.94746	6.89420		6.93807	6.93779	〔fg=#FF0000〕6.93793
2360	6.945255		6.76622	6.92883	6.90521	6.79988	6.94014	6.88658	6.965	6.91074	6.98024	6.87831	6.89611		6.9635	6.91429	6.79407	6.89573	6.79278	6.88164	6.92433	6.93387	6.98248	6.88589	6.89686		6.92652	6.92541	6.79196	6.94102	6.88479	6.96414	6.77193	6.94021	6.89942	6.95314	6.89985		6.94575	6.94476	〔fg=#FF0000〕6.94526
2500	6.95506		6.77534	6.93832	6.91365	6.80844	6.94977	6.89615	6.97375	6.91964	6.99053	6.88754	6.90531		6.9727	6.92383	6.80406	6.90481	6.80163	6.89077	6.93308	6.94256	6.9912	6.89431	6.90589		6.93492	6.93612	6.80222	6.94985	6.89513	6.97349	6.78106	6.95013	6.90802	6.96316	6.90941		6.95612	6.954	〔fg=#FF0000〕6.95506
2650	6.96768		6.78719	6.94916	6.92678	6.81975	6.96176	6.90667	6.98527	6.93083	7.00255	6.89864	6.91686		6.9844	6.93507	6.81558	6.91552	6.81399	6.90108	6.94533	6.95519	7.00212	6.90657	6.91749		6.94661	6.94869	6.81397	6.96202	6.90778	6.98527	6.79263	6.96159	6.91964	6.9754	6.92136		6.96860	6.96676	〔fg=#FF0000〕6.96768
2800	6.981135		6.80034	6.96406	6.94084	6.83186	6.97621	6.91932	6.99819	6.94354	7.01646	6.91203	6.93028		6.99672	6.94914	6.82967	6.92983	6.82644	6.91452	6.95872	6.96895	7.01581	6.91943	6.93092		6.95875	6.96301	6.82722	6.97583	6.92182	6.99716	6.80546	6.97426	6.93346	6.98831	6.93453		6.98208	6.98019	〔fg=#FF0000〕6.98114
3000	7.000595		6.81949	6.98352	6.96032	6.85095	6.99549	6.93877	7.01736	6.96294	7.03523	6.93251	6.94966		7.01654	6.96845	6.84766	6.95029	6.8461	6.93406	6.97732	6.98817	7.03518	6.93854	6.95023		6.9779	6.98278	6.84612	6.9931	6.9411	7.01643	6.82461	6.99419	6.95207	7.0078	6.95361		7.00197	6.99922	〔fg=#FF0000〕7.00060
3150	7.01545		6.83462	6.99843	6.97529	6.86578	7.01076	6.95507	7.03346	6.97746	7.05026	6.94661	6.96477		7.03142	6.98294	6.86324	6.96504	6.86134	6.94903	6.99206	7.00352	7.05002	6.95296	6.96516		6.99222	6.99855	6.86172	7.0085	6.95597	7.03181	6.83977	7.00876	6.96691	7.02273	6.96869		7.01681	7.01409	〔fg=#FF0000〕7.01545
3350	7.03866		6.85622	7.02009	6.9974	6.8869	7.03305	6.97625	7.05455	6.99958	7.07189	6.96944	6.98654		7.05338	7.00415	6.88425	6.98717	6.88322	6.97111	7.01319	7.02648	7.07249	6.9747	6.98701		7.01436	7.01981	6.88268	7.02999	6.97823	7.05417	6.86058	7.03117	6.98925	7.04578	6.99060		7.04004	7.03728	〔fg=#FF0000〕7.03866
3550	7.062165		6.87839	7.04292	7.0204	6.90894	7.05612	6.99939	7.07876	7.02261	7.09566	6.99259	7.00958		7.0755	7.02731	6.90624	7.01103	6.90598	6.9932	7.03709	7.05063	7.09479	6.99749	7.00993		7.03841	7.04393	6.90447	7.05339	7.00133	7.07671	6.88287	7.05436	7.01297	7.06901	7.01375		7.06270	7.06163	〔fg=#FF0000〕7.06217
3750	7.086825		6.90091	7.068	7.04505	6.93162	7.08005	7.0227	7.10264	7.04709	7.11909	7.01558	7.03327		7.09992	7.05166	6.92939	7.03483	6.92876	7.017	7.06047	7.07502	7.11892	7.02215	7.03381		7.06216	7.06839	6.92765	7.07779	7.02545	7.1004	6.90587	7.07717	7.03713	7.09204	7.03740		7.08806	7.08559	〔fg=#FF0000〕7.08682
4000	7.11792		6.93153	7.09991	7.07616	6.96204	7.11267	7.0552	7.13481	7.0787	7.14966	7.04779	7.06485		7.13043	7.08345	6.95909	7.06633	6.96013	7.04835	7.09126	7.10691	7.15024	7.05353	7.06497		7.0933	7.10084	6.95978	7.10885	7.05712	7.13177	6.93633	7.10888	7.06736	7.12404	7.06883		7.11906	7.11678	〔fg=#FF0000〕7.11792
4250	7.15104		6.96363	7.13384	7.10975	6.99409	7.14598	7.0884	7.1694	7.11263	7.1834	7.08146	7.09826		7.16445	7.11694	6.99122	7.09964	6.99193	7.08173	7.12467	7.14016	7.18418	7.08655	7.09815		7.12717	7.13439	6.99221	7.14302	7.09045	7.16596	6.96981	7.14294	7.10012	7.15803	7.10241		7.15253	7.14955	〔fg=#FF0000〕7.15104
4500	7.185455		6.99596	7.16752	7.14267	7.02679	7.18022	7.12173	7.20452	7.1469	7.21786	7.11381	7.13180		7.19766	7.15116	7.02327	7.13327	7.02365	7.11492	7.15981	7.17388	7.21745	7.12102	7.13161		7.16117	7.16986	7.02578	7.17815	7.12385	7.19973	7.00287	7.17765	7.13539	7.19247	7.13669		7.18665	7.18426	〔fg=#FF0000〕7.18546
4750	7.220055		7.02926	7.20183	7.17638	7.05879	7.21459	7.1566	7.23929	7.18199	7.25135	7.14841	7.16585		7.23065	7.1843	7.0566	7.16703	7.05669	7.14931	7.19309	7.21008	7.25156	7.15545	7.16548		7.19637	7.20519	7.05928	7.21148	7.15742	7.23519	7.03536	7.2117	7.17095	7.22685	7.17098		7.22011	7.22	〔fg=#FF0000〕7.22006
5000	7.256295		7.06337	7.23712	7.2118	7.09397	7.25045	7.19439	7.27559	7.21811	7.28674	7.18461	7.20162		7.26637	7.2191	7.09179	7.20279	7.09091	7.18457	7.22985	7.24644	7.28797	7.19002	7.20098		7.23265	7.24156	7.09459	7.24862	7.19331	7.27014	7.06982	7.24768	7.20616	7.26306	7.20676		7.25731	7.25528	〔fg=#FF0000〕7.25629
5300	7.30297		7.10711	7.28278	7.25697	7.13783	7.29677	7.23873	7.32312	7.26404	7.33242	7.22969	7.24695		7.31159	7.26433	7.13508	7.24796	7.13378	7.23018	7.27596	7.29177	7.33343	7.23485	7.24589		7.2779	7.28694	7.13825	7.29465	7.23913	7.31567	7.11443	7.29158	7.25154	7.30865	7.25187		7.30382	7.30212	〔fg=#FF0000〕7.30297
5600	7.34924		7.1522	7.33083	7.30328	7.18372	7.34514	7.28617	7.3697	7.31212	7.37905	7.2776	7.29398		7.35947	7.31139	7.18006	7.29449	7.17951	7.27613	7.32354	7.33868	7.38031	7.28201	7.29256		7.32537	7.33451	7.18423	7.34225	7.28627	7.36299	7.16048	7.33954	7.29955	7.35571	7.29909		7.34873	7.34975	〔fg=#FF0000〕7.34924
6000	7.41439		7.21641	7.39719	7.37133	7.2469	7.41109	7.35323	7.43634	7.37848	7.44474	7.34333	7.35990		7.42488	7.37671	7.2434	7.36121	7.24325	7.34353	7.38958	7.40514	7.44695	7.34806	7.35827		7.39192	7.40151	7.25001	7.40806	7.35177	7.42934	7.22564	7.40505	7.36454	7.42187	7.36497		7.41474	7.41404	〔fg=#FF0000〕7.41439
6300	7.466265		7.26699	7.44877	7.42334	7.29669	7.46434	7.40596	7.48982	7.43138	7.49683	7.39586	7.41200		7.47723	7.42916	7.29275	7.41272	7.29409	7.39551	7.44228	7.45792	7.49841	7.39988	7.41000		7.44494	7.45568	7.30233	7.46175	7.40407	7.48256	7.27705	7.4577	7.41707	7.47396	7.41771		7.46633	7.4662	〔fg=#FF0000〕7.46626
6700	7.542135		7.34168	7.52618	7.49714	7.37048	7.54009	7.48421	7.56717	7.50865	7.57292	7.47246	7.48810		7.5521	7.50462	7.36541	7.4874	7.36909	7.47092	7.51894	7.53436	7.57359	7.47485	7.48513		7.52098	7.53148	7.37671	7.53982	7.4807	7.55719	7.35134	7.5336	7.49277	7.54934	7.49339		7.54254	7.54173	〔fg=#FF0000〕7.54214
7100	7.61394		7.41219	7.60134	7.56936	7.44057	7.61167	7.55645	7.64138	7.58216	7.64535	7.54496	7.56054		7.62198	7.57652	7.43367	7.56119	7.44114	7.54296	7.59253	7.60909	7.64906	7.54797	7.55761		7.59197	7.60216	7.44575	7.61266	7.55476	7.62992	7.42186	7.60605	7.5656	7.6225	7.56532		7.61450	7.61338	〔fg=#FF0000〕7.61394
7500	7.692245		7.46729	7.67219	7.64058	7.50077	7.68111	7.61996	7.70786	7.64964	7.71253	7.61107	7.62630		7.68883	7.64438	7.49469	7.62828	7.49396	7.60798	7.66003	7.67649	7.71739	7.61785	7.62299		7.66225	7.67517	7.50982	7.68828	7.62042	7.70009	7.48628	7.67827	7.63892	7.69366	7.63532		7.69221	7.69228	〔fg=#FF0000〕7.69224
8000	7.774135		7.55317	7.75433	7.72543	7.58762	7.76959	7.7093	7.79335	7.7352	7.80139	7.6999	7.71293		7.78078	7.72951	7.58324	7.71453	7.58103	7.69745	7.74573	7.7654	7.80214	7.70332	7.71031		7.74867	7.76133	7.59818	7.76556	7.70355	7.7848	7.5695	7.76091	7.72202	7.77999	7.71945		7.76774	7.78053	〔fg=#FF0000〕7.77413
8500	7.863345		7.6486	7.85313	7.82396	7.68295	7.86943	7.80889	7.89365	7.8344	7.90118	7.79963	7.81158		7.88161	7.82726	7.67893	7.81249	7.67622	7.79599	7.84479	7.86655	7.90114	7.80191	7.80869		7.84863	7.86176	7.69467	7.86362	7.80301	7.88459	7.66539	7.85982	7.81965	7.8791	7.81802		7.86370	7.86299	〔fg=#FF0000〕7.86334
9000	7.965115		7.74479	7.95497	7.92517	7.78046	7.9708	7.90998	7.99462	7.93529	8.00299	7.90155	7.91206		7.98317	7.92655	7.7768	7.9125	7.7733	7.89576	7.94734	7.96903	8.00224	7.90169	7.90884		7.95057	7.9647	7.79384	7.96607	7.90377	7.98613	7.76319	7.961	7.92097	7.98112	7.91914		7.96531	7.96492	〔fg=#FF0000〕7.96511
9500	8.067105		7.84094	8.05715	8.02738	7.87699	8.07219	8.0101	8.09578	8.03629	8.10434	8.00322	8.01244		8.08385	8.0276	7.87505	8.01348	7.86956	7.99527	8.0476	8.07213	8.10375	8.00234	8.00906		8.05251	8.0657	7.89089	8.06848	8.00338	8.08711	7.85987	8.06148	8.02283	8.08167	8.01939		8.06665	8.06756	〔fg=#FF0000〕8.06710
10000	8.16872		7.93828	8.15839	8.12834	7.97377	8.17355	8.11241	8.19828	8.13865	8.20632	8.10331	8.11313		8.18467	8.12967	7.97481	8.11485	7.96649	8.09777	8.14939	8.1765	8.20517	8.10397	8.11033		8.15428	8.16808	7.98828	8.17141	8.10418	8.18911	7.95683	8.16236	8.12568	8.1841	8.12043		8.16810	8.16934	〔fg=#FF0000〕8.16872
10600	8.289285		8.05431	8.28067	8.25066	8.09001	8.29552	8.23484	8.32014	8.26097	8.32897	8.22488	8.23410		8.30891	8.2512	8.09527	8.239	8.08318	8.22154	8.27237	8.29999	8.32784	8.22604	8.23253		8.27751	8.28994	8.10644	8.29374	8.22551	8.30995	8.07257	8.28207	8.2454	8.3071	8.24102		8.28904	8.28953	〔fg=#FF0000〕8.28928
11200	8.418445		8.17528	8.40862	8.38032	8.21046	8.42405	8.36253	8.44756	8.38902	8.45809	8.35278	8.36087		8.43926	8.38053	8.21753	8.3669	8.20453	8.34925	8.4034	8.42834	8.45703	8.35398	8.36008		8.40757	8.4201	8.23177	8.42446	8.35516	8.4387	8.19524	8.41072	8.37381	8.43624	8.36938		8.41822	8.41867	〔fg=#FF0000〕8.41845
11800	8.55329		8.30075	8.54007	8.51199	8.3347	8.55329	8.49329	8.578	8.51871	8.59109	8.48497	8.49069		8.56976	8.51306	8.3428	8.49994	8.32833	8.4814	8.53591	8.56147	8.58962	8.48595	8.49082		8.54077	8.55428	8.35821	8.55921	8.4908	8.57133	8.32249	8.54274	8.5059	8.5698	8.50155		8.55316	8.55342	〔fg=#FF0000〕8.55329
12500	8.711475		8.44911	8.69549	8.66975	8.48618	8.70866	8.64786	8.73363	8.6755	8.74692	8.6414	8.64545		8.72464	8.66887	8.4919	8.6577	8.4768	8.63615	8.69237	8.71928	8.74474	8.64308	8.64555		8.69698	8.7106	8.50592	8.71615	8.64476	8.72747	8.4716	8.69788	8.66199	8.72772	8.65611		8.71300	8.70995	〔fg=#FF0000〕8.71148
13200	8.86406		8.59512	8.84955	8.82203	8.63148	8.86092	8.80114	8.88525	8.82703	8.90138	8.79687	8.79708		8.87879	8.82318	8.64139	8.81081	8.62373	8.7896	8.84637	8.87521	8.90016	8.79609	8.79853		8.85014	8.86497	8.65362	8.87048	8.79938	8.88078	8.61804	8.85119	8.81499	8.88319	8.80868		8.86453	8.86359	〔fg=#FF0000〕8.86406
14000	9.052055		8.77425	9.03857	9.01146	8.81167	9.04775	8.99109	9.07232	9.01445	9.09162	8.98664	8.98398		9.06865	9.01238	8.8219	8.99933	8.80381	8.97903	9.0352	9.06706	9.09179	8.98521	8.98644		9.04024	9.05471	8.83569	9.06151	8.98755	9.07066	8.79694	9.04061	9.00377	9.07473	8.99664		9.05206	9.05205	〔fg=#FF0000〕9.05205

## FO DATA
〔fg=#0000FF,b〕RESULT CHECKING FO							
〔fg=#0000FF,b〕Bond SJ4774 #1	899.31475	〔fg=#0000FF,b〕Bond VE 562850 #1	932.67259	〔fg=#0000FF,b〕Old bond #1	935.1947	〔fg=#0000FF,b〕ST #1	866.48966
〔fg=#0000FF,b〕Bond SJ4774 #2	908.50602	〔fg=#0000FF,b〕Bond VE 562850 #2	896.40004	〔fg=#0000FF,b〕Old bond #2	893.95522	〔fg=#0000FF,b〕ST #2	871.20821
〔fg=#0000FF,b〕Bond SJ4774 #3	922.27229	〔fg=#0000FF,b〕Bond VE 562850 #3	910.80876	〔fg=#0000FF,b〕Old bond #3	904.44954		
〔fg=#0000FF,b〕Bond SJ4774 #4	929.61529	〔fg=#0000FF,b〕Bond VE 562850 #4	901.60197	〔fg=#0000FF,b〕Old bond #4	901.41373		
〔fg=#0000FF,b〕Bond SJ4774 #5	914.97812	〔fg=#0000FF,b〕Bond VE 562850 #5	890.43425	〔fg=#0000FF,b〕Old bond #5	891.39801		
〔fg=#0000FF,b〕Bond SJ4774 #6	924.71556	〔fg=#0000FF,b〕Bond VE 562850 #6	899.54902	〔fg=#0000FF,b〕Old bond #6	905.11214		
〔fg=#0000FF,b〕Bond SJ4774 #7	905.73192	〔fg=#0000FF,b〕Bond VE 562850 #7	916.41854	〔fg=#0000FF,b〕Old bond #7	904.68765		
〔fg=#0000FF,b〕Bond SJ4774 #8	910.22777	〔fg=#0000FF,b〕Bond VE 562850 #8	901.7883	〔fg=#0000FF,b〕Old bond #8	893.06		
〔fg=#0000FF,b〕Bond SJ4774 #9	900.94705	〔fg=#0000FF,b〕Bond VE 562850 #9	901.15737	〔fg=#0000FF,b〕Old bond #9	907.42882		
〔fg=#0000FF,b〕Bond SJ4774 #10	906.34397	〔fg=#0000FF,b〕Bond VE 562850 #10	918.98798	〔fg=#0000FF,b〕Old bond #10	906.24592		
〔bg=#FFFF00,b〕AVG	〔bg=#FFFF00,b〕912.27	〔bg=#FFFF00,b〕AVG	〔bg=#FFFF00,b〕906.98	〔bg=#FFFF00,b〕AVG	〔bg=#FFFF00,b〕904.29	〔bg=#FFFF00,b〕AVG	〔bg=#FFFF00,b〕868.85
