## NG rate
〔bg=#BFBFBF,b〕TITLE	〔b〕REPORT TEST CMG / CPT / SMG-LONG REDUCE DIMENSION - 161014													〔bg=#BFBFBF,b〕Dept	〔b〕ME
														〔bg=#BFBFBF,b〕Date	〔b〕12/Jan
														〔bg=#BFBFBF,b〕Marker	〔b〕Thuy
〔bg=#BFBFBF,b〕I. Purpose.															
 - Improve NG hearing															
〔bg=#BFBFBF,b〕II. Content.															
 - To use semi Yoke from Korea change dimension, use VP 150 															
 + CMG/CPT: reudce dimension from 															
 + SMG-Long : reduce dimension form 															
〔bg=#BFBFBF,b〕III. Result 															
〔b〕1. RESULT Test Function															
	〔bg=#95B3D7,b〕Date	〔bg=#95B3D7,b〕Type	〔bg=#95B3D7,b〕Input 	〔bg=#95B3D7,b〕OK 	〔bg=#95B3D7,b〕Sigma 				〔bg=#95B3D7,b〕Hearing 		〔bg=#95B3D7,b〕HOHD	〔bg=#95B3D7,b〕Total NG	〔bg=#95B3D7,b〕Total NG rate		
					〔bg=#95B3D7,b〕SPL 	〔bg=#95B3D7,b〕THD 	〔bg=#95B3D7,b〕SPL+THD 	〔bg=#95B3D7,b〕SPL+THD+F0	〔bg=#95B3D7,b〕Noise 	〔bg=#95B3D7,b〕Touch 					
	1/12/2024	Test Yoke	285	281	0	0	0	0	4	0	0	4	〔fg=#FF0000,b〕1.4%		
					〔fg=#FF0000〕0.0%	〔fg=#FF0000〕0.0%	〔fg=#FF0000〕0.0%	〔fg=#FF0000〕0.0%	〔fg=#FF0000〕100.0%	〔fg=#FF0000〕0.0%	〔fg=#FF0000〕0.0%				
		Normal	844	824	0	0	0	0	20	0	0	20	〔fg=#FF0000,b〕2.4%		
					〔fg=#FF0000〕0.0%	〔fg=#FF0000〕0.0%	〔fg=#FF0000〕0.0%	〔fg=#FF0000〕0.0%	〔fg=#FF0000〕100.0%	〔fg=#FF0000〕0.0%	〔fg=#FF0000〕0.0%				
	〔fg=#0000FF,b〕 => NG rate of test yoke is reduce 														
〔bg=#BFBFBF,b〕4. Decision															

## Analyse NG
〔bg=#C0C0C0,b〕TITLE		〔b〕REPORT ANALYZE NG FUNCTION MODEL BRS-161014									〔bg=#C0C0C0,b〕Dept	ME 			
											〔bg=#C0C0C0,b〕Date	12-Jan-24			
											〔bg=#C0C0C0,b〕Maker				
〔bg=#C0C0C0,b〕1. Problem															
-NG function BRS-161014															
〔bg=#C0C0C0,b〕2. Result NG 															
〔fg=#FF0000〕- Type total function NG  : 20pcs															
〔bg=#C0C0C0,b〕3. Result analysis NG Function															
〔fg=#FF0000〕- Data analysis 															〔fg=#FFFFFF,b〕No
〔fg=#FF0000,b〕            NG Hearing Noise + Touch															
	〔b〕TYPE				〔b〕Total	〔b〕Q'ty	〔b〕Portion	〔b〕Decap reason							
	Coil deform				4	1	25.0%								
	Coil offset, MG Offset					1									
	Particle					1	25.0%								
	Coil +SP Gap					1	25.0%								
				.											
〔bg=#C0C0C0,b〕4. DECISION															
			〔b〕RESULT ANALYSE NG FUNCTION OF BRS 161014												
			〔bg=#C5D9F1〕No	〔bg=#C5D9F1〕Reason NG	〔bg=#C5D9F1〕Q'ty analyse	〔bg=#C5D9F1〕Q'ty NG		〔bg=#C5D9F1,fg=#FF0000〕NG rate	〔bg=#C5D9F1〕Portion						
			1	Coil deform	4	1		〔fg=#FF0000〕0.25	〔fg=#FF0000〕0.25						
			2	Coil offset, MG Offset		1		〔fg=#FF0000〕0.25	〔fg=#FF0000〕0.25						
			3	Particle		1		〔fg=#FF0000〕0.25	〔fg=#FF0000〕0.25						
			4	Coil +SP Gap		1		〔fg=#FF0000〕0.25	〔fg=#FF0000〕0						
				.											

## NTI_종합
〔b〕MASK	
HZ	%
100	40
200	30
300	30
400	40
500	40
1000	10
2000	5
7000	11
10000	11
14000	5

## SPL DATA_(NTI
	〔fg=#0000FF,b〕MASK 1	〔fg=#0000FF,b〕MASK 2	〔fg=#0000FF,b〕 ST AVG		〔fg=#0000FF,b〕NORMAL #1	〔fg=#0000FF,b〕NORMAL #2	〔fg=#0000FF,b〕NORMAL #3	〔fg=#0000FF,b〕NORMAL #4	〔fg=#0000FF,b〕NORMAL #5	〔fg=#0000FF,b〕NORMAL #6	〔fg=#0000FF,b〕NORMAL #7	〔fg=#0000FF,b〕NORMAL #8	〔fg=#0000FF,b〕NORMAL #9	〔fg=#0000FF,b〕NORMAL #10	〔fg=#FF0000,b〕NORMAL #AVG		〔fg=#0000FF,b〕TEST #1	〔fg=#0000FF,b〕TEST #2	〔fg=#0000FF,b〕TEST #3	〔fg=#0000FF,b〕TEST #4	〔fg=#0000FF,b〕TEST #5	〔fg=#0000FF,b〕TEST #6	〔fg=#0000FF,b〕TEST #7	〔fg=#0000FF,b〕TEST #8	〔fg=#0000FF,b〕TEST #9	〔fg=#0000FF,b〕TEST #10	〔fg=#FF0000,b〕TEST #AVG			〔fg=#0000FF,b〕ST#4	〔fg=#0000FF,b〕ST#5	〔fg=#FF0000,b〕ST AVG
100	74.77998	68.77998	71.77998		72.41471	71.80596	72.00089	72.03105	72.47954	72.34312	71.89513	72.14734	72.13833	72.2361	72.14922		72.59342	71.00666	71.43139	71.79298	71.85546	71.4457	71.30527	71.88807	71.56873	71.08432	71.59720			71.19079	72.36916	71.77998
106	75.25868	69.25868	72.25868		72.88637	72.2663	72.47091	72.49038	72.91999	72.78466	72.32105	72.64159	72.62638	72.6149	72.60225		72.80878	71.45445	71.97022	72.1237	72.2822	71.8725	71.7431	72.34049	72.05135	71.5259	72.01727			71.7037	72.81367	72.25868
112	75.80624	69.80624	72.80624		73.43886	72.79898	72.97788	73.03167	73.4232	73.32514	72.82477	73.15427	73.15206	73.09971	73.12265		73.13413	71.96004	72.55787	72.54106	72.8099	72.40164	72.26112	72.87343	72.6148	72.07773	72.52317			72.27726	73.33521	72.80624
118	76.80074	70.80074	73.80074		74.4111	73.76885	73.93485	74.01508	74.3846	74.30975	73.76725	74.16989	74.11741	74.04332	74.09221		74.09213	72.89346	73.55168	73.46944	73.7723	73.35295	73.17694	73.85674	73.61763	73.0706	73.48539			73.31238	74.28909	73.80074
125	77.89983	71.89983	74.89983		75.4889	74.82699	74.99259	75.10386	75.439	75.40614	74.8092	75.23929	75.18154	75.08251	75.15700		75.07547	73.94377	74.74309	74.46607	74.82194	74.39692	74.21068	74.8997	74.70763	74.15724	74.54225			74.43252	75.36714	74.89983
132	79.06591	73.06591	76.06591		76.65388	75.98232	76.13133	76.25892	76.59882	76.55811	75.96721	76.36631	76.39777	76.1405	76.30552		75.75177	75.10235	75.92497	75.37209	75.96017	75.51888	75.37989	76.02848	75.8524	75.31672	75.62077			75.61751	76.51431	76.06591
140	80.31341	74.31341	77.31341		77.89438	77.22617	77.35158	77.50292	77.84987	77.80579	77.22918	77.60904	77.62849	77.3896	77.54870		76.94044	76.33837	77.16568	76.57423	77.2182	76.60552	76.61842	77.26056	77.06993	76.57082	76.83622			76.86667	77.76016	77.31341
150	81.58911	75.58911	78.58911		79.15077	78.48769	78.62101	78.7695	79.11738	79.0598	78.49839	78.88773	78.89462	78.64259	78.81295		78.19461	77.60159	78.42867	77.83435	78.48336	77.87779	77.88107	78.51871	78.32107	77.83328	78.09745			78.14994	79.02828	78.58911
160	82.85547	76.85547	79.85547		80.38983	79.72962	79.87302	80.0223	80.34367	80.30305	79.75736	80.14922	80.13895	79.86967	80.05767		79.39934	78.85345	79.678	79.07773	79.72067	79.14682	79.15164	79.75829	79.56062	79.07907	79.34256			79.42525	80.28568	79.85547
170	84.16703	78.16703	81.16703		81.64487	80.98324	81.14786	81.28438	81.61474	81.55597	81.02375	81.43062	81.40815	81.1154	81.32090		80.66541	80.10216	80.95544	80.31165	80.98778	80.43188	80.42634	81.03472	80.80165	80.34061	80.60576			80.77259	81.56147	81.16703
180	85.56968	79.56968	82.56968		82.97429	82.30499	82.46696	82.61185	82.93093	82.88994	82.35208	82.76887	82.72934	82.44286	82.64721		81.99595	81.42005	82.29108	81.6395	82.31999	81.78327	81.74835	82.36714	82.14213	81.6663	81.93738			82.22214	82.91723	82.56968
190	86.86380	80.86380	83.86380		84.24282	83.55891	83.73541	83.88128	84.19043	84.16322	83.61088	84.03298	84.00014	83.7082	83.91243		83.26278	82.6765	83.55638	82.91335	83.58271	83.13696	83.01807	83.5779	83.40806	82.93922	83.20719			83.53114	84.19646	83.86380
200	88.07745	82.07745	85.07745		85.44184	84.75495	84.93884	85.08312	85.39341	85.3758	84.81063	85.24025	85.20443	84.9102	85.11535		84.46211	83.87776	84.76565	84.11808	84.77696	84.34864	84.21313	84.79538	84.59924	84.14183	84.40988			84.75597	85.39893	85.07745
212	89.22268	83.22268	86.22268		86.58723	85.89433	86.08117	86.22319	86.5459	86.51783	85.95124	86.38095	86.34634	86.05903	86.25872		85.60322	85.01595	85.90742	85.26613	85.92142	85.48819	85.34875	85.9467	85.74019	85.2956	85.55336			85.91353	86.53184	86.22268
224	90.30385	84.30385	87.30385		87.68278	86.98486	87.16969	87.31673	87.64488	87.61096	87.03639	87.47207	87.43685	87.1524	87.35076		86.69031	86.1056	86.99749	86.37039	87.01138	86.60944	86.43831	87.04038	86.83314	86.38944	86.64859			86.98978	87.61792	87.30385
236	91.32761	85.32761	88.32761		88.72728	88.02904	88.21932	88.36222	88.69362	88.65314	88.07842	88.51706	88.4807	88.21032	88.39711		87.72563	87.15308	88.03601	87.41352	88.05052	87.64662	87.47754	88.09267	87.86816	87.43993	87.69037			87.99798	88.65723	88.32761
250	92.35539	86.35539	89.35539		89.75669	89.05674	89.25127	89.39066	89.72462	89.67868	89.10714	89.55023	89.50595	89.23615	89.42581		88.74946	88.18335	89.06807	88.43946	89.08	88.66957	88.50337	89.15537	88.89454	88.4709	88.72141			89.0273	89.68348	89.35539
265	93.47574	87.47574	90.47574		90.87559	90.16591	90.36328	90.5029	90.84205	90.78889	90.22057	90.66488	90.61872	90.34623	90.53890		89.8677	89.29218	90.18127	89.55358	90.19857	89.77785	89.61894	90.26891	90.01253	89.58677	89.83583			90.14854	90.80295	90.47574
280	94.60308	88.60308	91.60308		91.99829	91.28212	91.48238	91.62717	91.96332	91.90965	91.33842	91.7902	91.73579	91.46175	91.65891		90.9899	90.40723	91.30558	90.66862	91.31851	90.89585	90.73862	91.39385	91.13155	90.70349	90.95532			91.27481	91.93134	91.60308
300	95.79892	89.79892	92.79892		93.1869	92.46469	92.6656	92.81139	93.14931	93.10124	92.52628	92.97942	92.92122	92.6495	92.84556		92.17822	91.58893	92.49421	91.85461	92.50891	92.06555	91.92441	92.58464	92.31699	91.89343	92.14099			92.4732	93.12465	92.79892
315	96.99922	90.99922	93.99922		94.38158	93.64864	93.85488	94.00521	94.3459	94.29595	93.71356	94.17621	94.1125	93.83221	94.03666		93.37062	92.77292	93.68854	93.04617	93.70851	93.26153	93.11539	93.783	93.50845	93.08479	93.33399			93.67676	94.32168	93.99922
335	98.19562	92.19562	95.19562		95.57302	94.83119	95.03678	95.19914	95.53931	95.49134	94.89564	95.36961	95.29991	95.01787	95.22538		94.56154	93.95277	94.88108	94.23312	94.90055	94.45172	94.30255	94.97669	94.70004	94.27196	94.52320			94.87538	95.51585	95.19562
355	99.41006	93.41006	96.41006		96.78255	96.03208	96.23692	96.40781	96.75181	96.70721	96.09651	96.58209	96.50496	96.22173	96.43237		95.76418	95.1474	96.09102	95.43003	96.11265	95.65591	95.50776	96.18697	95.90638	95.47729	95.72796			96.0902	96.72992	96.41006
375	100.66857	94.66857	97.66857		98.03763	97.27293	97.47961	97.65523	98.0076	97.96189	97.33733	97.83565	97.75054	97.46831	97.68067		97.01266	96.38177	97.34426	96.67363	97.36858	96.9041	96.75497	97.43686	97.15607	96.72358	96.97565			97.34834	97.98879	97.66857
400	101.90903	95.90903	98.90903		99.27579	98.49585	98.70466	98.891	99.24637	99.19887	98.55934	99.07394	98.97853	98.69645	98.91208		98.24516	97.5987	98.57985	97.90068	98.60946	98.13381	97.98488	98.67338	98.39044	97.95196	98.20683			98.58723	99.23083	98.90903
425	103.14462	97.14462	100.14462		100.50764	99.7119	99.92212	100.11858	100.47884	100.43099	99.77676	100.30592	100.19959	99.91933	100.13717		99.47279	98.8084	99.81088	99.11997	99.84386	99.35709	99.21023	99.90297	99.61895	99.17582	99.43210			99.82152	100.46772	100.14462
450	104.38236	98.38236	101.38236		101.74052	100.92686	101.14103	101.34693	101.7124	101.66305	100.99413	101.53859	101.42258	101.14196	101.36280		100.70233	100.01848	101.0444	100.34149	101.0824	100.58316	100.43677	101.13688	100.8484	100.40265	100.65970			101.05704	101.70768	101.38236
475	105.65041	99.65041	102.65041		103.00313	102.17124	102.39019	102.60847	102.97649	102.92544	102.24094	102.80342	102.67653	102.39747	102.61933		101.96638	101.26051	102.3102	101.59613	102.35223	101.84254	101.69657	102.40366	102.11124	101.66244	101.92019			102.32157	102.97925	102.65041
500	106.93384	100.93384	103.93384		104.28379	103.43752	103.65798	103.89076	104.26095	104.20811	103.50757	104.0869	103.95049	103.67149	103.89556		103.25213	102.52474	103.59519	102.87289	103.63871	103.1208	102.97638	103.69331	103.39588	102.94475	103.20148			103.59904	104.26864	103.93384
530	108.35410	102.35410	105.35410		105.70355	104.8429	105.06384	105.3129	105.68434	105.62725	104.91246	105.49566	105.35837	105.07727	105.30785		104.68047	103.92946	105.02088	104.28936	105.06172	104.53736	104.39365	105.1235	104.82143	104.37311	104.62309			105.01018	105.69801	105.35410
560	109.75890	103.75890	106.75890		107.10934	106.23562	106.45548	106.72042	107.09177	107.03066	106.30354	106.87554	106.74877	106.46384	106.70350		106.09395	105.32341	106.43058	105.69022	106.47081	105.93782	105.79087	106.53958	106.23265	105.79096	106.03008			106.40533	107.11247	106.75890
600	111.26272	105.26272	108.26272		108.6126	107.72808	107.94615	108.22693	108.59475	108.52928	107.7911	108.33536	108.23492	107.94713	108.19463		107.60701	106.82335	107.93887	107.19052	107.98611	107.44064	107.28647	108.05466	107.75027	107.31466	107.53926			107.89899	108.62645	108.26272
630	112.79872	106.79872	109.79872		110.146	109.25791	109.47426	109.76911	110.1221	110.05449	109.31363	109.82244	109.75428	109.47109	109.71853		109.15609	108.37126	109.4811	108.73822	109.54271	108.9874	108.8265	109.60069	109.30701	108.88196	109.08929			109.42611	110.17133	109.79872
670	114.33324	108.33324	111.33324		111.67675	110.79641	111.01301	111.3182	111.6384	111.57168	110.84463	111.3118	111.27755	111.00944	111.24579		110.71662	109.94031	111.02376	110.31023	111.10831	110.54875	110.38802	111.14106	110.87155	110.46827	110.65169			110.95365	111.71283	111.33324
710	115.83626	109.83626	112.83626		113.17601	112.33322	112.55053	112.85196	113.11339	113.05205	112.37224	112.78717	112.7866	112.55178	112.75750		112.27395	111.52984	112.54323	111.90459	112.66158	112.11371	111.96279	112.65147	112.42816	112.06756	112.21369			112.45352	113.21901	112.83626
750	116.22709	112.22709	114.22709		114.56754	113.7968	114.01093	114.29292	114.47399	114.42155	113.82337	114.17592	114.20694	114.01785	114.17878		113.74601	113.06444	113.96152	113.43957	114.11508	113.60097	113.47033	114.05486	113.89369	113.59614	113.69426			113.84518	114.60899	114.22709
800	117.34307	113.34307	115.34307		115.69008	115.02187	115.22909	115.47544	115.56429	115.52264	115.03666	115.31735	115.37553	115.23823	115.34712		114.96441	114.37339	115.11533	114.74096	115.29643	114.83995	114.73631	115.19002	115.09833	114.88004	114.92352			114.96609	115.72005	115.34307
850	118.17086	114.17086	116.17086		116.53222	115.98967	116.18489	116.3803	116.37291	116.34456	115.99123	116.18984	116.2768	116.18969	116.24521		115.9061	115.42931	115.98758	115.77885	116.18652	115.8063	115.73394	116.04384	116.02306	115.88906	115.87846			115.80256	116.53916	116.17086
900	118.76247	114.76247	116.76247		117.14291	116.7454	116.922	117.05502	116.9544	116.94017	116.73134	116.84294	116.95887	116.9166	116.92096		116.61496	116.27369	116.62952	116.59062	116.83282	116.54478	116.50293	116.66858	116.71502	116.66419	116.60371			116.40549	117.11945	116.76247
950	119.12305	115.12305	117.12305		117.52776	117.28567	117.43771	117.49722	117.31332	117.31493	117.25539	117.27773	117.42214	117.41013	117.37420		117.08549	116.89513	117.04078	117.16193	117.23013	117.05041	117.03273	117.06361	117.1669	117.19366	117.09208			116.77927	117.46684	117.12305
1000	119.30722	115.30722	117.30722		117.73462	117.64176	117.76925	117.74962	117.50389	117.51745	117.59564	117.53629	117.70906	117.71127	117.64688		117.35985	117.31897	117.26748	117.52636	117.42924	117.35793	117.35797	117.28013	117.42528	117.51107	117.38343			116.97638	117.63806	〔bg=#FFFF00〕117.30722
1060	119.36143	115.36143	117.36143		117.80665	117.84002	117.94275	117.84957	117.56635	117.59038	117.77924	117.65705	117.85266	117.85168	117.77363		117.47425	117.5622	117.35047	117.70957	117.47519	117.50222	117.51209	117.35792	117.52716	117.64888	117.51199			117.04256	117.6803	117.36143
1120	119.27516	115.27516	117.27516		117.73013	117.86166	117.94147	117.78647	117.4898	117.51986	117.78843	117.62558	117.83598	117.81759	117.73970		117.41731	117.60713	117.28022	117.69627	117.36178	117.4684	117.47955	117.2822	117.46014	117.59841	117.46514			116.96638	117.58394	117.27516
1180	119.03445	115.03445	117.03445		117.49043	117.69122	117.75381	117.54627	117.2537	117.28794	117.60952	117.42242	117.64279	117.59703	117.52951		117.17785	117.44073	117.04086	117.47988	117.07913	117.24503	117.252	117.03879	117.21316	117.35384	117.23213			116.73517	117.33372	117.03445
1250	118.62036	114.62036	116.62036		117.0671	117.30918	117.36017	117.11335	116.8397	116.87449	117.22245	117.0273	117.25356	117.17715	117.12444		116.74205	117.04843	116.61432	117.0505	116.61513	116.81677	116.81663	116.61193	116.77405	116.90317	116.79930			116.32968	116.91104	116.62036
1320	118.07009	114.07009	116.07009		116.49966	116.7576	116.80135	116.52984	116.28293	116.31857	116.67153	116.48138	116.70637	116.59908	116.56483		116.15147	116.47542	116.04264	116.45113	116.00926	116.23069	116.21903	116.03744	116.18156	116.29284	116.20915			115.78902	116.35115	116.07009
1400	117.49154	113.49154	115.49154		115.89816	116.15753	116.19596	115.90944	115.69302	115.72889	116.07276	115.89779	116.11772	115.98007	115.96513		115.52116	115.84434	115.43644	115.80542	115.37514	115.60011	115.57509	115.42916	115.55114	115.6408	115.57788			115.22041	115.76267	115.49154
1500	116.93634	112.93634	114.93634		115.31667	115.56519	115.60184	115.30949	115.12614	115.15926	115.48496	115.3281	115.54268	115.37873	115.38131		114.91252	115.21806	114.84942	115.17429	114.76819	114.98729	114.95148	114.84432	114.94408	115.01181	114.96615			114.67545	115.19723	114.93634
1600	117.32252	111.32252	114.32252		114.68154	114.90977	114.94764	114.65684	114.50586	114.53434	114.83412	114.69839	114.90618	114.72219	114.73969		114.25141	114.53224	114.20601	114.4881	114.1122	114.32186	114.27526	114.20365	114.28509	114.33191	114.30077			114.07075	114.57429	114.32252
1700	116.62037	110.62037	113.62037		113.95948	114.17421	114.20599	113.91869	113.79038	113.82179	114.10159	113.9855	114.178	113.97894	114.01146		113.50404	113.76001	113.47578	113.72723	113.37883	113.57375	113.51912	113.4811	113.54008	113.57431	113.55343			113.37497	113.86578	113.62037
1800	115.88087	109.88087	112.88087		113.2039	113.402	113.43422	113.15337	113.03437	113.07219	113.33002	113.22834	113.41247	113.20146	113.24723		112.73093	112.95912	112.71526	112.94325	112.62431	112.80255	112.73994	112.72605	112.76716	112.79137	112.77999			112.63914	113.1226	112.88087
1900	115.18998	109.18998	112.18998		112.49376	112.66467	112.70297	112.44268	112.34299	112.37798	112.60822	112.51822	112.69324	112.48573	112.53305		112.01732	112.21691	111.99485	112.21018	111.91802	112.07578	112.01428	112.02397	112.0566	112.06157	112.05895			111.95224	112.42773	112.18998
2000	114.69743	108.69743	111.69743		112.00291	112.14811	112.19378	111.92694	111.8374	111.87326	112.09626	112.01719	112.17366	111.95629	112.02258		111.49394	111.67155	111.48493	111.67059	111.40933	111.54935	111.48127	111.50578	111.53231	111.53658	111.53356			111.46561	111.92926	〔bg=#FFFF00〕111.69743
2120	114.58434	108.58434	111.58434		111.87911	112.01327	112.05785	111.79917	111.71112	111.75101	111.96007	111.89004	112.04234	111.81707	111.89211		111.3583	111.5182	111.36503	111.52961	111.28754	111.4137	111.34092	111.38551	111.4031	111.39452	111.39964			111.35096	111.81772	111.58434
2240	114.75220	108.75220	111.75220		112.04291	112.15619	112.21075	111.95952	111.88297	111.91499	112.10503	112.04595	112.20338	111.97071	112.04924		111.51404	111.65858	111.53066	111.66745	111.44718	111.56585	111.49025	111.54972	111.56243	111.53894	111.55251			111.52031	111.98409	111.75220
2360	115.00680	109.00680	112.00680		112.29612	112.39874	112.45132	112.20584	112.14659	112.17019	112.35083	112.30629	112.45537	112.21921	112.30005		111.75542	111.89089	111.78293	111.89853	111.68831	111.80208	111.72533	111.80484	111.81006	111.77614	111.79345			111.77789	112.23572	112.00680
2500	115.28195	109.28195	112.28195		112.57291	112.67163	112.72031	112.46868	112.41847	112.44011	112.61748	112.58398	112.73228	112.47936	112.57052		112.01188	112.14148	112.06713	112.15368	111.95955	112.07196	111.98583	112.0777	112.07222	112.03968	112.05811			112.05234	112.51156	112.28195
2650	115.25469	109.25469	112.25469		112.53626	112.62704	112.67716	112.43956	112.40068	112.41721	112.57572	112.5514	112.70525	112.45569	112.53860		111.98995	112.1028	112.04587	112.12532	111.93833	112.04617	111.95606	112.06571	112.05049	111.9986	112.03193			112.0213	112.48808	112.25469
2800	114.93273	108.93273	111.93273		112.2164	112.28578	112.34692	112.1011	112.08384	112.0954	112.2491	112.22583	112.37662	112.1286	112.21096		111.66226	111.76647	111.72129	111.79114	111.61678	111.71124	111.62496	111.74678	111.7193	111.66019	111.70204			111.69958	112.16587	111.93273
3000	114.82744	108.82744	111.82744		112.10968	112.16606	112.23078	111.9881	111.97901	111.98541	112.13185	112.11172	112.25833	112.01564	112.09766		111.5544	111.64919	111.61804	111.67749	111.5152	111.60323	111.50892	111.64147	111.60945	111.54408	111.59215			111.59592	112.05897	111.82744
3150	114.92969	108.92969	111.92969		112.21731	112.25938	112.33033	112.08688	112.08139	112.08227	112.22314	112.21082	112.36043	112.10662	112.19586		111.65388	111.74559	111.72422	111.77411	111.61796	111.7049	111.60673	111.74411	111.70817	111.64146	111.69211			111.69448	112.16489	111.92969
3350	114.89786	108.89786	111.89786		112.18592	112.23639	112.30407	112.05972	112.04785	112.05566	112.18375	112.18661	112.33166	112.07185	112.16635		111.62261	111.71688	111.69459	111.74331	111.58432	111.6776	111.57646	111.72027	111.66943	111.60919	111.66147			111.66756	112.12817	111.89786
3550	114.83075	108.83075	111.83075		112.11914	112.16553	112.21258	111.98835	111.98158	111.98441	112.11114	112.11665	112.24342	111.99352	112.09163		111.54199	111.64835	111.62526	111.6715	111.48502	111.61082	111.5007	111.62858	111.59765	111.51004	111.58199			111.59913	112.06238	111.83075
3750	114.81705	108.81705	111.81705		112.1111	112.15917	112.18806	111.97898	111.96953	111.97037	112.09811	112.10582	112.22833	111.97594	112.07854		111.53407	111.63552	111.60677	111.65592	111.48031	111.61045	111.47274	111.61909	111.58445	111.49473	111.56941			111.58536	112.04875	111.81705
4000	114.68539	108.68539	111.68539		111.98685	112.0424	112.0553	111.85914	111.85057	111.85059	111.98985	112.00325	112.10724	111.85547	111.96007		111.40918	111.49927	111.48336	111.53241	111.35226	111.4902	111.33701	111.49701	111.45514	111.37451	111.44303			111.45023	111.92056	111.68539
4250	114.37360	108.37360	111.37360		111.67196	111.73559	111.73807	111.56662	111.5515	111.56354	111.68957	111.71894	111.80461	111.55275	111.65932		111.11052	111.18043	111.18607	111.23039	111.05119	111.19995	111.04426	111.20067	111.16221	111.08664	111.14523			111.13427	111.61293	111.37360
4500	114.23495	108.23495	111.23495		111.55261	111.59969	111.61184	111.42984	111.4461	111.43216	111.56409	111.58928	111.67764	111.41828	111.53215		110.9849	111.04054	111.08903	111.10674	110.92987	111.08773	110.92523	111.08007	111.0472	110.95363	111.02449			110.98195	111.48796	111.23495
4750	114.44907	108.44907	111.44907		111.78594	111.82597	111.86025	111.65171	111.68012	111.65413	111.78132	111.81461	111.92579	111.64846	111.76283		111.20933	111.28047	111.33281	111.34543	111.19494	111.32608	111.16113	111.35195	111.27647	111.20782	111.26864			111.1872	111.71094	111.44907
5000	114.73652	108.73652	111.73652		112.06493	112.10359	112.15378	111.92688	111.9687	111.93649	112.07208	112.11492	112.21552	111.92611	112.04830		111.48342	111.57818	111.63862	111.63868	111.47584	111.61921	111.45918	111.65777	111.57676	111.50852	111.56362			111.45472	112.01832	111.73652
5300	115.14529	109.14529	112.14529		112.47536	112.50064	112.56639	112.31605	112.38082	112.32948	112.46228	112.50714	112.62511	112.32133	112.44846		111.88259	112.01085	112.06572	112.06149	111.8864	112.05302	111.88623	112.09157	112.00018	111.90918	111.98472			111.84231	112.44827	112.14529
5600	115.88589	109.88589	112.88589		113.22751	113.24624	113.31148	113.03132	113.12359	113.05044	113.20022	113.22742	113.3698	113.0586	113.18466		112.61124	112.78421	112.81977	112.82297	112.62277	112.8182	112.62801	112.86012	112.75221	112.6307	112.73502			112.56273	113.20904	112.88589
6000	116.80157	110.80157	113.80157		114.13579	114.15878	114.22089	113.92618	114.01689	113.9438	114.11864	114.12641	114.29681	113.97569	114.09199		113.51871	113.73022	113.73647	113.76851	113.52817	113.77264	113.55314	113.80831	113.69611	113.5479	113.66602			113.45512	114.14803	113.80157
6300	117.78848	111.78848	114.78848		115.06065	115.08115	115.16693	114.85021	114.96854	114.86166	115.07589	115.07003	115.24215	114.91464	115.02918		114.4778	114.72126	114.69182	114.7187	114.47678	114.76885	114.48887	114.7574	114.65721	114.50033	114.62590			114.42112	115.15585	114.78848
6700	118.80144	112.80144	115.80144		115.90461	115.91401	116.051	115.74083	115.92135	115.73591	116.02414	115.97934	116.11177	115.7546	115.91376		115.40586	115.69159	115.55055	115.53516	115.41837	115.64888	115.29994	115.59528	115.49538	115.38632	115.50273			115.41584	116.18704	115.80144
7100	119.17127	113.17127	116.17127		116.36047	116.36385	116.5306	116.18727	116.40379	116.18668	116.50454	116.44657	116.54043	116.18388	116.37081		115.86088	116.14153	116.02507	115.97606	115.93532	116.1395	115.74801	116.07178	115.95018	115.85626	115.97046			115.77464	116.5679	116.17127
7500	119.24312	113.24312	116.24312		116.66114	116.66021	116.86536	116.48044	116.71806	116.4689	116.82867	116.75185	116.81257	116.47287	116.67201		116.16648	116.45405	116.34651	116.278	116.29531	116.49782	116.05416	116.38028	116.25621	116.18862	116.29174			115.85202	116.63422	116.24312
8000	119.49285	113.49285	116.49285		117.17611	117.17347	117.41729	117.00013	117.21645	116.94743	117.36662	117.24653	117.26828	116.98893	117.18012		116.68652	116.99015	116.85823	116.78608	116.8628	117.06602	116.57984	116.8538	116.76214	116.74631	116.81919			116.10189	116.8838	116.49285
8500	119.76653	113.76653	116.76653		117.79949	117.80716	118.06525	117.6442	117.76475	117.52712	118.00328	117.8128	117.82343	117.64312	117.78906		117.30527	117.60085	117.44895	117.39177	117.51049	117.7187	117.24494	117.39061	117.38414	117.41777	117.44135			116.38247	117.15059	116.76653
9000	119.80886	113.80886	116.80886		118.35337	118.37874	118.62285	118.20747	118.1604	118.01388	118.49662	118.23895	118.30735	118.27211	118.30517		117.80365	118.05153	117.97077	117.90356	117.99712	118.30192	117.85944	117.80939	117.96395	117.99535	117.96567			116.44718	117.17055	116.80886
9500	120.06473	114.06473	117.06473		118.88317	118.92095	119.15705	118.82767	118.60448	118.52909	118.9968	118.65107	118.85222	118.88188	118.83044		118.28396	118.44248	118.41794	118.23905	118.40894	118.75667	118.32593	118.09491	118.46065	118.49723	118.39278			116.73108	117.39839	117.06473
10000	120.22214	112.22214	117.22214		119.01231	119.10213	119.27602	119.10214	118.74393	118.72166	119.10819	118.73033	119.07591	119.09569	118.99683		118.34302	118.33227	118.44427	118.10335	118.36135	118.72443	118.29614	117.99308	118.5213	118.53043	118.36496			116.89205	117.55223	117.22214
10600	119.93271	111.93271	116.93271		118.44077	118.62997	118.68771	118.69625	118.25	118.29316	118.54158	118.18402	118.67161	118.61001	118.50051		117.70171	117.53603	117.77838	117.30835	117.60075	117.97292	117.57705	117.28387	117.88967	117.83612	117.64848			116.60289	117.26253	116.93271
11200	119.19712	111.19712	116.19712		117.26068	117.55479	117.49514	117.65797	117.13064	117.26236	117.38836	117.03143	117.65118	117.50827	117.39408		116.4695	116.15858	116.53157	115.99646	116.30655	116.61241	116.32497	116.09707	116.69683	116.55988	116.37538			115.87512	116.51912	116.19712
11800	118.35242	110.35242	115.35242		115.96143	116.31539	116.15994	116.4653	115.90024	116.1031	116.10664	115.77617	116.51506	116.2391	116.15424		115.14463	114.66602	115.20727	114.66954	114.98472	115.11742	115.00509	114.94252	115.4076	115.18404	115.03288			115.08766	115.61718	115.35242
12500	117.62190	109.62190	114.62190		114.58478	114.96345	114.74074	115.137	114.63362	114.86002	114.80036	114.55777	115.28615	114.90349	114.84674		113.8799	113.32231	113.91318	113.5603	113.77949	113.68707	113.79684	113.95018	114.16008	113.89473	113.79441			114.41791	114.8259	114.62190
13200	117.22767	109.22767	114.22767		113.68961	114.09535	113.83047	114.21545	113.75556	114.03961	113.98499	113.7669	114.4468	114.01956	113.98443		113.10259	112.64333	113.11441	113.03047	113.1052	112.85235	113.1819	113.44086	113.41641	113.12374	113.10113			114.05668	114.39866	114.22767
14000	116.68309	108.68309	113.68309		113.09352	113.371	113.21824	113.48041	113.00044	113.33501	113.42505	113.12342	113.71441	113.40372	113.31652		112.67729	112.28512	112.66902	112.82053	112.8945	112.40039	112.96618	113.18315	113.03191	112.78742	112.77155			113.60513	113.76104	113.68309
19000	#REF!																															
20000	#REF!																															

## THD DATA_(NTI
	〔fg=#0000FF,b〕 ST AVG		〔fg=#0000FF,b〕NORMAL #1	〔fg=#0000FF,b〕NORMAL #2	〔fg=#0000FF,b〕NORMAL #3	〔fg=#0000FF,b〕NORMAL #4	〔fg=#0000FF,b〕NORMAL #5	〔fg=#0000FF,b〕NORMAL #6	〔fg=#0000FF,b〕NORMAL #7	〔fg=#0000FF,b〕NORMAL #8	〔fg=#0000FF,b〕NORMAL #9	〔fg=#0000FF,b〕NORMAL #10	〔fg=#FF0000,b〕NORMAL #AVG			〔fg=#0000FF,b〕TEST #1	〔fg=#0000FF,b〕TEST #2	〔fg=#0000FF,b〕TEST #3	〔fg=#0000FF,b〕TEST #4	〔fg=#0000FF,b〕TEST #5	〔fg=#0000FF,b〕TEST #6	〔fg=#0000FF,b〕TEST #7	〔fg=#0000FF,b〕TEST #8	〔fg=#0000FF,b〕TEST #9	〔fg=#0000FF,b〕TEST #10	〔fg=#FF0000,b〕TEST #AVG		〔fg=#0000FF,b〕ST#4	〔fg=#0000FF,b〕ST#5	〔fg=#FF0000,b〕ST#AVG
100	19.00747		13.85691	13.67025	13.20641	12.80351	14.13932	13.51446	13.76235	13.98894	13.78198	12.81798	13.55421			12.37097	14.59513	13.90135	13.71864	12.32659	14.25563	12.48557	14.04049	13.07613	12.27532	13.30458		22.47152	15.54342	19.00747
106	18.77724		13.6905	13.53948	13.07603	12.65736	13.92695	13.31309	13.64267	13.74857	13.59984	12.63361	13.38281			12.2457	14.38066	13.63995	13.65326	12.11097	14.13004	12.52659	13.85784	12.90008	12.09925	13.15443		22.25568	15.29879	18.77724
112	18.55263		13.54283	13.38471	12.91802	12.49059	13.72345	13.14292	13.482	13.58856	13.44989	12.48182	13.22048			12.17257	14.14414	13.40418	13.47333	11.98944	13.98283	12.27776	14.16077	12.69884	11.98358	13.02874		22.02345	15.08181	18.55263
118	18.35626		13.40692	13.24681	12.77876	12.37433	13.60993	13.02606	13.37435	13.41401	13.31236	12.39804	13.09416			12.08596	13.99462	13.20872	13.33321	11.84833	13.84906	12.10644	14.00511	12.5689	11.90121	12.89016		21.81347	14.89905	18.35626
125	18.14131		13.28764	13.09693	12.6354	12.2587	13.45643	12.87395	13.2327	13.25708	13.19096	12.26333	12.95531			11.97001	13.85328	12.99753	13.24047	11.68853	13.79819	11.92891	13.8086	12.43556	11.81325	12.75343		21.55181	14.73081	18.14131
132	17.88507		13.0996	12.91499	12.47426	12.06248	13.28446	12.73307	13.00927	12.95534	13.06763	12.11515	12.77163			11.74228	13.64597	12.6923	13.05251	11.4861	13.63233	11.71489	13.61766	12.22676	11.69864	12.55094		21.26022	14.50992	17.88507
140	17.47587		12.88292	12.68919	12.2298	11.84298	13.02532	12.49987	12.807	12.65645	12.86833	11.90004	12.54019			11.48418	13.37816	12.24148	12.83941	11.2526	13.48921	11.49478	13.4369	11.99076	11.51374	12.31212		20.76341	14.18834	17.47587
150	16.94394		12.61682	12.37314	11.90658	11.60416	12.73938	12.24842	12.52497	12.38512	12.59224	11.70862	12.26994			11.61801	13.10271	11.83667	12.7193	11.00578	13.19527	11.18319	13.11751	11.7004	11.27068	12.07495		20.07023	13.81766	16.94394
160	16.38146		12.354	12.11157	11.68164	11.36803	12.46874	12.01952	12.29559	12.16093	12.24224	11.42214	12.01244			11.26895	12.69663	11.46063	12.41079	10.69644	12.87454	10.9718	12.82543	11.38222	10.95218	11.75396		19.3506	13.41232	16.38146
170	16.01085		12.26604	11.93565	11.49819	11.24505	12.3661	11.89227	12.15709	12.03695	12.08076	11.30384	11.87819			11.10029	12.46789	11.26777	12.22344	10.5728	12.63156	10.76196	12.70266	11.24299	10.82755	11.57989		18.83499	13.18671	16.01085
180	15.78911		12.30232	11.86947	11.4388	11.24286	12.39055	11.90672	12.11009	12.04974	12.03813	11.31133	11.86600			11.09016	12.3648	11.16334	12.13247	10.55237	12.51567	10.61068	12.56288	11.20315	10.80771	11.50032		18.44544	13.13278	15.78911
190	15.71147		12.43829	11.92019	11.50804	11.37197	12.53223	12.02779	12.19263	12.14115	12.09621	11.40219	11.96307			11.16061	12.36304	11.18021	12.17629	10.60086	12.51666	10.68446	12.31879	11.27852	10.82736	11.51068		18.20878	13.21415	15.71147
200	15.76370		12.69785	12.05831	11.67246	11.5681	12.74365	12.24614	12.34946	12.35517	12.26059	11.5754	12.15271			11.31811	12.42754	11.323	12.29199	10.78824	12.59938	10.80944	12.46444	11.42128	10.88915	11.63326		18.11072	13.41668	15.76370
212	15.99481		13.10165	12.33163	11.97379	11.93118	13.16768	12.62811	12.69619	12.73524	12.53022	11.94483	12.50405			11.65006	12.60132	11.61571	12.49057	11.17792	12.76865	11.08135	12.80064	11.72037	11.13536	11.90419		18.20116	13.78847	15.99481
224	16.30319		13.60038	12.6766	12.34596	12.35005	13.61895	13.00163	13.11244	13.19262	12.89884	12.36513	12.91626			12.05848	12.85661	11.98361	12.81076	11.61111	13.10101	11.42568	13.2305	12.11823	11.49867	12.26947		18.38063	14.22575	16.30319
236	16.56477		13.99747	13.02713	12.68065	12.76026	13.99772	13.33565	13.502	13.53011	13.25485	12.73962	13.28255			12.42344	13.16436	12.30715	13.13782	11.99695	13.45983	11.74946	13.58436	12.48104	11.86758	12.61720		18.53641	14.59313	16.56477
250	16.75362		14.30795	13.36253	13.00942	13.0634	14.29625	13.57931	13.87749	13.78951	13.53683	13.07829	13.59010			12.74789	13.52744	12.58936	13.47504	12.26709	13.82024	12.09645	13.95559	12.8391	12.21761	12.95358		18.6237	14.88354	16.75362
265	16.87274		14.53877	13.71048	13.27822	13.25875	14.53284	13.74875	14.20781	13.94214	13.82607	13.32819	13.83720			13.03982	13.99132	12.83728	13.89565	12.49992	14.21433	12.45446	14.35423	13.22484	12.57021	13.30821		18.68483	15.06066	16.87274
280	16.78516		14.60209	13.98832	13.45402	13.25842	14.61169	13.80205	14.42198	13.90631	14.01195	13.40505	13.94619			13.20561	14.4434	12.99359	14.25486	12.52645	14.56465	12.70988	14.59552	13.54908	12.83992	13.56830		18.51514	15.05518	16.78516
300	16.39795		14.48015	14.26238	13.59836	12.98143	14.62335	13.71923	14.5703	13.6468	14.16513	13.28773	13.93349			13.29981	15.1171	13.12681	14.70782	12.37375	15.0373	12.98214	14.98496	13.94908	13.1213	13.87001		17.99426	14.80165	16.39795
315	15.93595		14.31673	14.42473	13.64918	12.59383	14.56938	13.57264	14.60484	13.33822	14.22091	13.0852	13.83757			13.30712	15.67921	13.18827	15.07273	12.15202	15.39305	13.15916	15.27409	14.25254	13.32538	14.08036		17.41612	14.45577	15.93595
335	15.09972		13.97542	14.59832	13.64478	11.88284	14.40267	13.24761	14.5663	12.78789	14.22069	12.63933	13.59658			13.26705	16.42334	13.14934	15.5524	11.71053	15.85156	13.36877	15.57105	14.61048	13.61712	14.31216		16.40088	13.79856	15.09972
355	14.08339		13.52242	14.67338	13.54941	11.013	14.07513	12.81792	14.397	12.0805	14.11902	12.07462	13.23224			13.11718	17.09774	13.00252	15.95023	11.12911	16.16051	13.48278	15.70373	14.84883	13.75552	14.42482		15.18573	12.98106	14.08339
375	12.97722		12.94941	14.60751	13.34569	10.08776	13.61251	12.27798	14.10091	11.32584	13.86907	11.40604	12.75827			12.83889	17.64274	12.71671	16.19002	10.47259	16.28691	13.4545	15.6218	14.9031	13.7653	14.38926		13.87848	12.07596	12.97722
400	11.68525		12.22306	14.40967	13.02359	8.99937	13.01176	11.62247	13.66291	10.39485	13.48199	10.58997	12.14196			12.42566	18.08689	12.29359	16.29764	9.66694	16.24557	13.29806	15.36592	14.82957	13.6486	14.21584		12.35229	11.01821	11.68525
425	10.63419		11.61027	14.17671	12.71572	8.12139	12.51352	11.07777	13.24103	9.60636	13.10468	9.89565	11.60631			12.01578	18.30982	11.90645	16.24829	9.02403	16.05494	13.07481	15.04154	14.66107	13.48292	13.98197		11.10293	10.16544	10.63419
450	9.80670		11.0879	13.87503	12.39907	7.42514	12.06318	10.6203	12.82771	8.95518	12.73185	9.31755	11.13029			11.62257	18.2848	11.53327	16.04317	8.52028	15.73646	12.80046	14.67225	14.40727	13.25026	13.68708		10.10795	9.50545	9.80670
475	9.11237		10.59094	13.47312	12.0298	6.88684	11.60665	10.18412	12.3723	8.39935	12.32281	8.81611	10.66820			11.19362	18.00646	11.12339	15.66124	8.10403	15.24836	12.43987	14.19511	14.0203	12.92772	13.29201		9.27655	8.94818	9.11237
500	8.49744		10.08792	12.95824	11.58071	6.45763	11.08956	9.74131	11.85177	7.88576	11.84993	8.35613	10.18590			10.70479	17.46502	10.65081	15.09963	7.73783	14.57958	11.9822	13.56973	13.48873	12.47597	12.77543		8.56741	8.42748	8.49744
530	7.85414		9.45267	12.17398	10.92708	6.05744	10.36834	9.1524	11.12116	7.34893	11.18364	7.83578	9.56214			10.00388	16.48702	9.98541	14.19047	7.33186	13.55106	11.30259	12.62737	12.64797	11.75967	11.98873		7.86944	7.83885	7.85414
560	7.29509		8.77361	11.26672	10.18939	5.75012	9.5728	8.52086	10.30458	6.87647	10.41448	7.31995	8.89890			9.25087	15.2775	9.2535	13.12008	6.9326	12.37756	10.50952	11.57046	11.67921	10.91138	11.08827		7.30552	7.28465	7.29509
600	6.66212		7.87704	10.03263	9.17621	5.41225	8.55035	7.70491	9.19968	6.31939	9.36977	6.64565	8.02879			8.25676	13.52674	8.28672	11.59904	6.41047	10.77493	9.40796	10.18569	10.34751	9.7526	9.85484		6.72618	6.59805	6.66212
630	6.25471		7.26156	9.16676	8.45692	5.18793	7.85852	7.15734	8.41538	5.94422	8.63601	6.17243	7.42571			7.57065	12.24386	7.63567	10.50418	6.05514	9.65743	8.61835	9.24489	9.42132	8.92484	8.98763		6.37472	6.1347	6.25471
670	5.77431		6.53533	8.09622	7.56548	4.91069	7.04624	6.50865	7.45169	5.50321	7.74171	5.59008	6.69493			6.75016	10.64302	6.86457	9.1527	5.6357	8.33559	7.65918	8.15814	8.31739	7.91744	7.94339		5.95781	5.59082	5.77431
710	5.30538		5.89061	7.12049	6.74549	4.62961	6.31014	5.91102	6.56362	5.10165	6.92752	5.05036	6.02505			6.02324	9.18795	6.17078	7.94223	5.24915	7.17649	6.79969	7.19749	7.3373	7.00833	7.00927		5.54941	5.06136	5.30538
750	4.83960		5.31649	6.25335	6.003	4.34449	5.64314	5.35401	5.76004	4.73368	6.17793	4.54849	5.41346			5.37251	7.90434	5.53454	6.88481	4.87887	6.17812	6.03025	6.33665	6.46964	6.20153	6.17913		5.13756	4.54164	4.83960
800	4.30404		4.70678	5.35201	5.22352	4.00047	4.92242	4.74023	4.92427	4.31896	5.36375	4.01217	4.75646			4.7026	6.585	4.84937	5.80736	4.46448	5.17063	5.23362	5.42215	5.56386	5.36759	5.31667		4.65346	3.95462	4.30404
850	3.87461		4.19943	4.64494	4.60299	3.71754	4.33213	4.24082	4.26866	3.99017	4.69229	3.58495	4.22739			4.18468	5.55897	4.29153	4.96863	4.11509	4.39849	4.60322	4.70177	4.84072	4.72404	4.63871		4.26077	3.48845	3.87461
900	3.53417		3.7766	4.10384	4.10654	3.48107	3.85562	3.84471	3.75767	3.69006	4.14464	3.23667	3.79974			3.77672	4.75082	3.82561	4.29441	3.81859	3.79095	4.093	4.12167	4.25823	4.2223	4.09523		3.95091	3.11744	3.53417
950	3.24824		3.41944	3.66464	3.69211	3.27576	3.46143	3.51557	3.34611	3.39738	3.691	2.95632	3.44198			3.42125	4.09935	3.43247	3.73709	3.55641	3.30007	3.67071	3.64343	3.775	3.80512	3.64409		3.6833	2.81318	3.24824
1000	2.99158		3.1082	3.28686	3.33077	3.08725	3.11724	3.22785	2.99604	3.11965	3.30682	2.71779	3.12985			3.094	3.54894	3.08345	3.26202	3.3129	2.88798	3.29873	3.22822	3.3574	3.42699	3.25006		3.43072	2.55244	2.99158
1060	2.70463		2.77418	2.87411	2.94201	2.86303	2.75163	2.91162	2.63133	2.80645	2.9049	2.46501	2.79243			2.72856	2.98013	2.70233	2.77309	3.02466	2.46289	2.89572	2.78684	2.91429	3.01418	2.82827		3.13247	2.27678	2.70463
1120	2.45084		2.49291	2.52503	2.61061	2.6631	2.43183	2.63348	2.32233	2.52915	2.56245	2.25066	2.50216			2.4136	2.49963	2.37368	2.36817	2.75918	2.10148	2.54761	2.41093	2.5352	2.64858	2.46581		2.86512	2.03656	2.45084
1180	2.22712		2.24516	2.235	2.32999	2.47224	2.16559	2.38915	2.07514	2.28869	2.27627	2.0599	2.25371			2.1405	2.11584	2.09307	2.04501	2.51359	1.81763	2.25326	2.10429	2.22858	2.34137	2.16531		2.61872	1.83552	2.22712
1250	1.98863		1.99142	1.94804	2.05799	2.2598	1.89684	2.13311	1.83282	2.03406	1.99752	1.86435	2.00160			1.87213	1.76558	1.81542	1.74098	2.25133	1.54798	1.96751	1.80862	1.93189	2.03883	1.87403		2.35032	1.62695	1.98863
1320	1.80422		1.78873	1.72559	1.8401	2.08529	1.68606	1.92602	1.64352	1.83781	1.78461	1.70788	1.80256			1.65869	1.50976	1.5977	1.51722	2.03244	1.34921	1.745	1.58527	1.70635	1.79964	1.65013		2.14643	1.46201	1.80422
1400	1.62407		1.59538	1.51231	1.62675	1.89607	1.55756	1.71634	1.46239	1.64397	1.58165	1.54472	1.61371			1.44912	1.2729	1.38453	1.3044	1.80827	1.16794	1.52643	1.36825	1.49169	1.57135	1.43449		1.94372	1.30443	1.62407
1500	1.42229		1.38047	1.26965	1.38582	1.67138	1.34726	1.48024	1.25343	1.41644	1.35162	1.3557	1.39120			1.21814	1.03684	1.15776	1.08331	1.5568	0.98332	1.2872	1.1425	1.25938	1.32086	1.20461		1.70905	1.13553	1.42229
1600	1.25672		1.19907	1.07931	1.18431	1.46447	1.17139	1.27817	1.07551	1.22093	1.16281	1.18403	1.20200			1.02843	0.85668	0.97445	0.90981	1.33756	0.8402	1.08987	0.96422	1.06624	1.11593	1.01834		1.51294	1.00049	1.25672
1700	1.13386		1.05455	0.94183	1.0299	1.28993	1.03195	1.11285	0.94128	1.06565	1.01751	1.04403	1.05295			0.88673	0.73419	0.84274	0.78809	1.15878	0.73922	0.94229	0.8316	0.92152	0.96309	0.88082		1.37055	0.89716	1.13386
1800	1.04137		0.93827	0.83443	0.91155	1.14639	0.92315	0.97843	0.83649	0.94451	0.90233	0.93259	0.93481			0.78087	0.65034	0.74597	0.69779	1.01703	0.6664	0.83115	0.73325	0.81379	0.84677	0.77834		1.26508	0.81765	1.04137
1900	0.96220		0.83529	0.74291	0.8101	1.01435	0.82895	0.85877	0.74804	0.83667	0.80248	0.83339	0.83110			0.69102	0.58723	0.66441	0.62239	0.8942	0.60641	0.73457	0.65019	0.72183	0.74816	0.69204		1.17446	0.74993	0.96220
2000	0.90270		0.7572	0.67311	0.7325	0.91336	0.75623	0.7674	0.67856	0.75339	0.7244	0.75709	0.75132			0.62281	0.54001	0.60141	0.5647	0.79999	0.55928	0.6597	0.58541	0.65034	0.67369	0.62573		1.10896	0.69644	0.90270
2120	0.84996		0.69761	0.62355	0.67403	0.8358	0.69876	0.69739	0.62434	0.68997	0.66433	0.69872	0.69045			0.57199	0.50484	0.55689	0.52486	0.72864	0.5267	0.60406	0.53863	0.59675	0.6185	0.57719		1.05409	0.64582	0.84996
2240	0.80368		0.64476	0.58165	0.62276	0.76301	0.64201	0.63653	0.57729	0.63281	0.61166	0.64359	0.63561			0.52834	0.47573	0.5184	0.49185	0.66497	0.4988	0.55643	0.5	0.5491	0.57155	0.53552		1.0019	0.60545	0.80368
2360	0.78031		0.61017	0.55977	0.59018	0.709	0.53999	0.59495	0.54744	0.59275	0.57623	0.60511	0.59256			0.50258	0.46316	0.49773	0.47578	0.61997	0.48838	0.52909	0.48137	0.51881	0.54296	0.51198		0.97469	0.58594	0.78031
2500	0.77910		0.59803	0.56224	0.57861	0.67846	0.52816	0.57209	0.54321	0.57572	0.56347	0.59202	0.57920			0.50192	0.47222	0.49706	0.4858	0.59216	0.50015	0.52627	0.48381	0.5136	0.53884	0.51118		0.96823	0.58996	0.77910
2650	0.76101		0.58385	0.5578	0.56685	0.6534	0.5076	0.55099	0.53811	0.55822	0.55198	0.58457	0.56534			0.49758	0.47149	0.49269	0.48846	0.56614	0.50122	0.52371	0.48215	0.51074	0.52911	0.50633		0.94395	0.57808	0.76101
2800	0.73685		0.57152	0.54345	0.55261	0.6354	0.4917	0.53743	0.52463	0.5408	0.53996	0.57921	0.55167			0.48952	0.46326	0.48472	0.4865	0.54911	0.49353	0.5196	0.48032	0.50837	0.51686	0.49918		0.91206	0.56164	0.73685
3000	0.71579		0.53863	0.51422	0.52438	0.60609	0.47334	0.5163	0.50928	0.513	0.52281	0.55769	0.52757			0.47609	0.45678	0.45946	0.4696	0.52414	0.47527	0.49226	0.46005	0.4877	0.49638	0.47977		0.87375	0.55783	0.71579
3150	0.70789		0.51117	0.49002	0.50046	0.57464	0.45394	0.49496	0.49283	0.48673	0.50267	0.5295	0.50369			0.45642	0.44806	0.43835	0.45329	0.50178	0.46068	0.47259	0.44872	0.46868	0.47587	0.46244		0.85084	0.56494	0.70789
3350	0.66685		0.50794	0.4838	0.48946	0.54824	0.44029	0.49304	0.48775	0.47525	0.4994	0.52	0.49452			0.45945	0.44467	0.42941	0.44591	0.50884	0.45836	0.46448	0.44807	0.46508	0.46339	0.45877		0.8008	0.5329	0.66685
3550	0.64627		0.50537	0.48237	0.49051	0.54004	0.43661	0.49895	0.51448	0.48947	0.52593	0.51809	0.50018			0.47054	0.45111	0.44587	0.44072	0.50337	0.48103	0.48014	0.45365	0.5157	0.48474	0.47269		0.77209	0.52044	0.64627
3750	0.64723		0.52593	0.51506	0.52692	0.56907	0.43931	0.50623	0.54158	0.51135	0.54081	0.60156	0.52778			0.47991	0.48877	0.54598	0.47111	0.54698	0.50833	0.54245	0.4713	0.57044	0.52823	0.51535		0.77331	0.52115	0.64723
4000	0.61660		0.52305	0.53119	0.58633	0.53027	0.48312	0.48418	0.52276	0.49522	0.52862	0.62548	0.53102			0.46356	0.48829	0.60402	0.46109	0.5257	0.51074	0.52749	0.46683	0.57234	0.50879	0.51289		0.73897	0.49422	0.61660
4250	0.57504		0.52866	0.50454	0.57268	0.4875	0.46813	0.45508	0.50004	0.47141	0.50384	0.61088	0.51028			0.44	0.47723	0.58557	0.44226	0.50329	0.49235	0.50985	0.45381	0.55304	0.48253	0.49399		0.69001	0.46007	0.57504
4500	0.53947		0.5164	0.49039	0.56944	0.46327	0.46607	0.43687	0.49731	0.46149	0.48578	0.59365	0.49807			0.43058	0.47881	0.57439	0.43383	0.5013	0.48958	0.50178	0.44832	0.5414	0.47344	0.48734		0.64288	0.43606	0.53947
4750	0.49341		0.50222	0.47566	0.56428	0.44311	0.46441	0.41905	0.49256	0.45225	0.46382	0.57582	0.48532			0.41549	0.47103	0.55606	0.41695	0.49153	0.479	0.48634	0.43314	0.52075	0.46065	0.47309		0.58353	0.4033	0.49341
5000	0.43680		0.48814	0.46177	0.54913	0.41667	0.4485	0.39538	0.47232	0.43485	0.43527	0.55345	0.46555			0.38831	0.4454	0.53904	0.39384	0.4679	0.4582	0.46886	0.41523	0.49621	0.43503	0.45080		0.51392	0.35968	0.43680
5300	0.40328		0.4793	0.45478	0.5296	0.39886	0.43132	0.38159	0.44843	0.42455	0.41823	0.53796	0.45046			0.37432	0.4162	0.5555	0.38418	0.44552	0.45178	0.4726	0.42691	0.49622	0.41697	0.44402		0.47276	0.3338	0.40328
5600	0.44861		0.4892	0.46573	0.524	0.39304	0.41999	0.38361	0.42609	0.42202	0.42721	0.5423	0.44932			0.37346	0.4107	0.62453	0.43008	0.42278	0.50145	0.54027	0.50287	0.54407	0.43635	0.47866		0.50085	0.39638	0.44861
6000	0.65087		0.48598	0.44957	0.51451	0.39994	0.45548	0.40782	0.41282	0.4355	0.44589	0.56156	0.45691			0.41576	0.48176	0.61481	0.48158	0.41298	0.51821	0.55187	0.4954	0.50512	0.45833	0.49358		0.6524	0.64933	0.65087
6300	0.88823		0.43919	0.39124	0.45089	0.34879	0.44231	0.38129	0.37881	0.40167	0.42491	0.46819	0.41273			0.40387	0.48328	0.50718	0.44474	0.34388	0.47774	0.48482	0.45897	0.43779	0.40828	0.44505		0.8114	0.96506	0.88823
6700	0.91603		0.39389	0.32489	0.34691	0.33578	0.36354	0.35724	0.34758	0.37248	0.3934	0.39308	0.36288			0.38337	0.44876	0.4256	0.40978	0.34284	0.438	0.46158	0.43408	0.40916	0.3887	0.41419		0.81027	1.02179	0.91603
7100	0.88765		0.33791	0.30064	0.31873	0.32049	0.34146	0.33804	0.32528	0.35153	0.36632	0.35319	0.33536			0.36557	0.41494	0.4124	0.38346	0.3356	0.41809	0.43775	0.4121	0.39476	0.37334	0.39480		0.76734	1.00795	0.88765
7500	0.86489		0.30049	0.26963	0.28225	0.28921	0.30667	0.30966	0.28919	0.32143	0.33726	0.3199	0.30257			0.33351	0.38091	0.38583	0.3527	0.29881	0.38479	0.4027	0.37813	0.36569	0.3424	0.36255		0.73735	0.99243	0.86489
8000	0.86648		0.25859	0.23902	0.23983	0.24921	0.26783	0.27933	0.24926	0.29325	0.31257	0.28104	0.26699			0.30006	0.35484	0.36341	0.33275	0.25699	0.35454	0.371	0.35228	0.33602	0.30779	0.33297		0.73612	0.99685	0.86648
8500	0.86831		0.23246	0.21869	0.21961	0.22635	0.24725	0.2618	0.22793	0.27848	0.29725	0.26161	0.24714			0.28388	0.35225	0.3423	0.33598	0.24565	0.34352	0.36017	0.33676	0.32188	0.29435	0.32167		0.73973	0.9969	0.86831
9000	0.82456		0.21007	0.18994	0.21393	0.21559	0.22913	0.24008	0.22391	0.26028	0.26955	0.25255	0.23050			0.26701	0.35633	0.28571	0.32306	0.24502	0.31658	0.32516	0.27636	0.29177	0.28736	0.29744		0.70005	0.94908	0.82456
9500	0.72254		0.16138	0.1451	0.18792	0.18908	0.19703	0.19054	0.20428	0.21935	0.2126	0.20979	0.19171			0.21901	0.31798	0.19734	0.25273	0.21861	0.24024	0.23731	0.18162	0.22332	0.23805	0.23262		0.60682	0.83827	0.72254
10000	0.54129		0.1226	0.11511	0.1529	0.14158	0.13872	0.12677	0.15418	0.15543	0.13601	0.14726	0.13906			0.14341	0.22538	0.14491	0.17953	0.185	0.17214	0.17244	0.1454	0.17219	0.16339	0.17038		0.45007	0.63252	0.54129
10600	0.21265		0.11614	0.11173	0.15127	0.12962	0.11658	0.11364	0.13174	0.13626	0.10819	0.13219	0.12474			0.11486	0.15412	0.13255	0.15695	0.18357	0.15792	0.1542	0.13715	0.16198	0.14406	0.14974		0.19421	0.23109	0.21265
11200	0.13843		0.1097	0.10951	0.14597	0.11968	0.10643	0.10786	0.12765	0.12944	0.0998	0.12848	0.11845			0.10209	0.14077	0.10977	0.1536	0.1538	0.14544	0.14231	0.12064	0.14054	0.13107	0.13400		0.13166	0.1452	0.13843
11800	0.13344		0.1015	0.10583	0.13867	0.11125	0.09823	0.10395	0.1218	0.12308	0.09938	0.12381	0.11275			0.09237	0.14342	0.09308	0.15363	0.13527	0.13592	0.13407	0.10837	0.12551	0.12184	0.12435		0.12717	0.13971	0.13344
12500	0.13523		0.10233	0.10808	0.13913	0.11274	0.10052	0.10643	0.12272	0.12315	0.10222	0.12539	0.11427			0.09383	0.14768	0.09059	0.15899	0.13149	0.13739	0.13461	0.1076	0.12271	0.12315	0.12480		0.13063	0.13984	0.13523
13200	0.12327		0.10881	0.10941	0.14458	0.11628	0.101	0.10528	0.12687	0.11903	0.09789	0.13114	0.11603			0.10316	0.15302	0.09215	0.16289	0.14244	0.14356	0.14211	0.1083	0.12966	0.13093	0.13082		0.1193	0.12724	0.12327
14000	0.09335		0.12746	0.11256	0.16054	0.12575	0.092	0.10524	0.13917	0.10994	0.08802	0.14816	0.12088			0.11443	0.1536	0.09562	0.15863	0.15131	0.15359	0.14558	0.1045	0.14505	0.14969	0.13720		0.09137	0.09533	0.09335

## IMP  DATA_(NTI
	〔fg=#0000FF,b〕 ST AVG		〔fg=#0000FF,b〕NORMAL #1	〔fg=#0000FF,b〕NORMAL #2	〔fg=#0000FF,b〕NORMAL #3	〔fg=#0000FF,b〕NORMAL #4	〔fg=#0000FF,b〕NORMAL #5	〔fg=#0000FF,b〕NORMAL #6	〔fg=#0000FF,b〕NORMAL #7	〔fg=#0000FF,b〕NORMAL #8	〔fg=#0000FF,b〕NORMAL #9	〔fg=#0000FF,b〕NORMAL #10	〔fg=#FF0000,b〕NORMAL AVG		〔fg=#0000FF,b〕TEST #1	〔fg=#0000FF,b〕TEST #2	〔fg=#0000FF,b〕TEST #3	〔fg=#0000FF,b〕TEST #4	〔fg=#0000FF,b〕TEST #5	〔fg=#0000FF,b〕TEST #6	〔fg=#0000FF,b〕TEST #7	〔fg=#0000FF,b〕TEST #8	〔fg=#0000FF,b〕TEST #9	〔fg=#0000FF,b〕TEST #10	〔fg=#FF0000,b〕TEST #AVG			〔fg=#0000FF,b〕ST#4	〔fg=#0000FF,b〕ST#5	〔fg=#FF0000,b〕ST AVG
100	6.29632		6.06555	6.03755	6.0286	6.17527	6.07533	6.05257	6.08065	6.15809	5.88988	6.07145	6.06349		6.05504	6.06704	6.10232	6.07318	6.11037	6.07282	6.07931	6.05094	6.05792	6.26434	6.09333			6.54551	6.04713	6.29632
106	6.39208		6.15799	6.13372	6.12636	6.25654	6.16929	6.14675	6.17599	6.24456	5.98371	6.16482	6.15597		6.14065	6.16245	6.19247	6.16746	6.20492	6.1662	6.17156	6.14852	6.15268	6.33266	6.18396			6.64475	6.13942	6.39208
112	6.45539		6.2309	6.21008	6.20093	6.31724	6.24309	6.22126	6.25095	6.31465	6.05741	6.23971	6.22862		6.20902	6.23618	6.26579	6.24231	6.27934	6.23951	6.24404	6.22284	6.2262	6.39058	6.25558			6.69819	6.21259	6.45539
118	6.50929		6.29107	6.27201	6.2627	6.37171	6.30502	6.28192	6.31371	6.37152	6.11756	6.30197	6.28892		6.26594	6.29831	6.3238	6.30202	6.34106	6.29983	6.30508	6.28386	6.28612	6.43628	6.31423			6.74756	6.27101	6.50929
125	6.56367		6.34987	6.33158	6.32305	6.42541	6.36388	6.34216	6.37224	6.42651	6.17549	6.36251	6.34727		6.32243	6.35939	6.38083	6.36116	6.40029	6.35989	6.36393	6.34363	6.34489	6.48546	6.37219			6.79754	6.32981	6.56367
132	6.62175		6.40052	6.37923	6.37159	6.47205	6.41346	6.39093	6.4206	6.47346	6.22415	6.41052	6.39565		6.36954	6.40875	6.42959	6.41006	6.4498	6.40908	6.41266	6.39216	6.39281	6.52597	6.42004			6.86671	6.37679	6.62175
140	6.66648		6.44631	6.42562	6.41998	6.51768	6.46193	6.43906	6.46742	6.51871	6.2713	6.45607	6.44241		6.41667	6.45591	6.47622	6.45687	6.49688	6.45705	6.46123	6.43863	6.44131	6.5654	6.46662			6.91004	6.42293	6.66648
150	6.70749		6.49661	6.4749	6.47069	6.56268	6.51288	6.48882	6.51795	6.56749	6.321	6.5051	6.49181		6.46692	6.50697	6.52686	6.50707	6.54886	6.50821	6.51163	6.49004	6.4916	6.60673	6.51649			6.94322	6.47177	6.70749
160	6.74376		6.5381	6.51646	6.51249	6.60031	6.55398	6.53145	6.56066	6.60618	6.36122	6.54729	6.53281		6.50721	6.5485	6.56843	6.54822	6.59152	6.54909	6.55235	6.53292	6.53306	6.64336	6.55747			6.97476	6.51275	6.74376
170	6.77215		6.57287	6.55155	6.5474	6.63315	6.58835	6.56611	6.59585	6.63959	6.39467	6.58185	6.56714		6.54052	6.58305	6.60388	6.58191	6.62715	6.58457	6.58602	6.5688	6.56789	6.67324	6.59170			6.99737	6.54694	6.77215
180	6.79852		6.60335	6.58219	6.57824	6.66167	6.61822	6.59609	6.62638	6.6682	6.42389	6.61143	6.59697		6.56953	6.61332	6.63417	6.61123	6.65783	6.61494	6.61559	6.59891	6.59775	6.69916	6.62124			7.02083	6.57621	6.79852
190	6.81814		6.62946	6.60965	6.60417	6.68701	6.64503	6.62221	6.65272	6.693	6.44909	6.63823	6.62306		6.59622	6.63957	6.66052	6.63772	6.68587	6.64104	6.64217	6.62572	6.62518	6.72197	6.64760			7.0331	6.60319	6.81814
200	6.83995		6.65356	6.63348	6.62866	6.71036	6.66952	6.64635	6.67566	6.7153	6.47228	6.66227	6.64674		6.61981	6.66326	6.68444	6.66214	6.71077	6.66525	6.667	6.64977	6.64987	6.74375	6.67161			7.05243	6.62747	6.83995
212	6.86520		6.67847	6.65905	6.6542	6.733	6.69584	6.672	6.70022	6.74031	6.49652	6.68657	6.67162		6.64401	6.68821	6.71024	6.68644	6.73641	6.69077	6.69154	6.67555	6.67583	6.7664	6.69654			7.07634	6.65407	6.86520
224	6.88783		6.7011	6.6813	6.67652	6.7551	6.71942	6.69575	6.72221	6.76197	6.51923	6.70882	6.69414		6.66574	6.71045	6.73383	6.70842	6.7598	6.71312	6.71406	6.69864	6.69874	6.7867	6.71895			7.09861	6.67705	6.88783
236	6.90733		6.72188	6.70141	6.6973	6.77471	6.73982	6.71747	6.74256	6.7825	6.53977	6.72938	6.71468		6.68726	6.73049	6.75462	6.72902	6.78019	6.7342	6.73441	6.71816	6.71899	6.80589	6.73932			7.11723	6.69743	6.90733
250	6.92870		6.74291	6.72284	6.72017	6.79459	6.76122	6.73981	6.76398	6.80389	6.56091	6.75065	6.73610		6.7084	6.75117	6.7772	6.75108	6.80299	6.75685	6.75493	6.73972	6.74046	6.82558	6.76084			7.13814	6.71926	6.92870
265	6.95172		6.76367	6.74333	6.74216	6.81439	6.78292	6.76266	6.78585	6.82483	6.58197	6.77077	6.75726		6.72843	6.77114	6.79765	6.77135	6.82391	6.77702	6.77478	6.75992	6.76073	6.84419	6.78091			7.16284	6.74061	6.95172
280	6.97175		6.7837	6.76249	6.76264	6.83217	6.8033	6.78336	6.8054	6.84331	6.60178	6.79153	6.77697		6.74742	6.79045	6.81783	6.79053	6.84433	6.79567	6.79433	6.78007	6.78008	6.86141	6.80021			7.18293	6.76056	6.97175
300	6.99683		6.8096	6.78602	6.78758	6.85564	6.82908	6.80788	6.83003	6.86663	6.62512	6.8174	6.80150		6.76991	6.81356	6.84284	6.81377	6.86842	6.81937	6.8178	6.80469	6.80394	6.88291	6.82372			7.20849	6.78517	6.99683
315	7.01461		6.82776	6.80338	6.80608	6.87313	6.84782	6.82555	6.84771	6.88472	6.64265	6.83513	6.81939		6.78676	6.82942	6.86016	6.83066	6.88578	6.83567	6.83493	6.82228	6.8213	6.89782	6.84048			7.22593	6.80329	7.01461
335	7.03543		6.85064	6.82598	6.82922	6.89533	6.8712	6.84906	6.86949	6.90757	6.66394	6.85743	6.84199		6.80829	6.84967	6.88184	6.85073	6.90771	6.85706	6.85586	6.84607	6.84324	6.91832	6.86188			7.24397	6.82689	7.03543
355	7.05769		6.87454	6.84679	6.85065	6.91846	6.89393	6.87067	6.89051	6.92911	6.68522	6.8792	6.86391		6.82967	6.86953	6.90322	6.87042	6.92838	6.87731	6.87655	6.86717	6.86493	6.93664	6.88238			7.26586	6.84953	7.05769
375	7.08144		6.89728	6.86682	6.87284	6.93971	6.91746	6.89433	6.91098	6.95395	6.7073	6.90086	6.88615		6.85029	6.89031	6.92516	6.8911	6.94946	6.89741	6.89632	6.88904	6.8863	6.95564	6.90310			7.29038	6.8725	7.08144
400	7.11322		6.92721	6.89448	6.90108	6.96698	6.94734	6.92345	6.93901	6.98313	6.7349	6.92921	6.91468		6.87613	6.91495	6.95306	6.91642	6.9778	6.92287	6.9227	6.91718	6.91223	6.98009	6.92934			7.32248	6.90397	7.11322
425	7.14602		6.95883	6.92301	6.92996	6.99724	6.97972	6.95572	6.96852	7.01518	6.76441	6.95987	6.94525		6.90412	6.94044	6.98202	6.94311	7.00684	6.95052	6.94966	6.94648	6.93998	7.00513	6.95683			7.35608	6.93596	7.14602
450	7.18127		6.99327	6.95351	6.96097	7.02966	7.01443	6.99061	6.99988	7.04887	6.79551	6.99131	6.97780		6.93312	6.96678	7.01402	6.97072	7.03695	6.97893	6.97785	6.9781	6.9696	7.03219	6.98583			7.39089	6.97166	7.18127
475	7.22119		7.03197	6.98704	6.99489	7.06469	7.05344	7.02862	7.0337	7.08856	6.82959	7.02602	7.01385		6.96515	6.99477	7.0481	7.00104	7.07055	7.01032	7.00766	7.01185	7.0012	7.06129	7.01719			7.43172	7.01066	7.22119
500	7.26600		7.0746	7.02375	7.03189	7.10385	7.09524	7.07036	7.07102	7.13127	6.86776	7.06431	7.05340		6.99973	7.02629	7.08711	7.03295	7.10699	7.04476	7.04183	7.05088	7.03638	7.09403	7.05209			7.47803	7.05398	7.26600
530	7.32891		7.1355	7.07305	7.08409	7.15862	7.15471	7.12997	7.12199	7.19466	6.92088	7.11741	7.10909		7.04905	7.06723	7.14015	7.07783	7.16004	7.09101	7.08846	7.1021	7.08501	7.13786	7.09987			7.54161	7.11621	7.32891
560	7.40184		7.20678	7.13272	7.14488	7.22325	7.22585	7.20061	7.18331	7.26799	6.98299	7.18102	7.17494		7.10772	7.11325	7.20278	7.13065	7.22084	7.1474	7.14383	7.16377	7.14258	7.18969	7.15625			7.61418	7.1895	7.40184
600	7.52058		7.32587	7.23125	7.24663	7.3326	7.34612	7.319	7.28406	7.3897	7.08743	7.28617	7.28488		7.20433	7.19225	7.30587	7.21855	7.322	7.2392	7.23561	7.26766	7.23939	7.27807	7.25029			7.72905	7.3121	7.52058
630	7.62774		7.43262	7.31992	7.33764	7.43239	7.45483	7.42703	7.37519	7.49565	7.18018	7.37652	7.38320		7.29354	7.26305	7.3986	7.29658	7.41355	7.32083	7.31504	7.36213	7.32598	7.35703	7.33463			7.83321	7.42227	7.62774
670	7.81269		7.61446	7.47138	7.49131	7.6043	7.64175	7.61215	7.53008	7.66503	7.33905	7.52954	7.54991		7.43907	7.38197	7.55589	7.42665	7.57084	7.45659	7.44562	7.52246	7.47461	7.49221	7.47659			8.01246	7.61292	7.81269
710	8.04238		7.84527	7.65982	7.68717	7.82076	7.87077	7.8422	7.72251	7.8705	7.53743	7.72518	7.75816		7.6173	7.53393	7.75303	7.58746	7.77169	7.63007	7.60691	7.72409	7.66447	7.66449	7.65534			8.23134	7.85342	8.04238
750	8.31396		8.12057	7.88691	7.92666	8.08561	8.14055	8.112	7.95661	8.12031	7.77743	7.96809	8.00947		7.83341	7.72348	7.98786	7.78895	8.01863	7.84252	7.80921	7.96023	7.89587	7.87838	7.87385			8.48807	8.13985	8.31396
800	8.65828		8.48204	8.21623	8.27385	8.45485	8.4794	8.4588	8.29209	8.45801	8.10643	8.31849	8.35402		8.14041	8.00832	8.29843	8.09539	8.35363	8.14929	8.1067	8.26954	8.22063	8.19723	8.18396			8.80927	8.50729	8.65828
850	8.89955		8.76021	8.52706	8.59482	8.7706	8.72295	8.7154	8.60518	8.73225	8.38901	8.64064	8.64581		8.41266	8.30009	8.54403	8.40289	8.62555	8.4303	8.38976	8.50933	8.50255	8.50515	8.46223			9.03155	8.76755	8.89955
900	8.94101		8.84503	8.71931	8.78529	8.91428	8.77845	8.78543	8.79527	8.84468	8.52592	8.82012	8.78138		8.55098	8.51891	8.63247	8.61457	8.7264	8.5905	8.56409	8.59066	8.63629	8.6964	8.61213			9.06793	8.81408	8.94101
950	8.77821		8.71406	8.72771	8.77579	8.83201	8.63643	8.65494	8.79144	8.75773	8.47212	8.79025	8.71525		8.50314	8.58568	8.53841	8.64941	8.62065	8.57244	8.56286	8.49337	8.57494	8.6926	8.57935			8.91429	8.64214	8.77821
1000	8.49486		8.44182	8.56034	8.58465	8.57768	8.37252	8.39266	8.61061	8.52293	8.26626	8.57712	8.49066		8.30444	8.48604	8.31368	8.49733	8.37093	8.3921	8.39686	8.26905	8.36156	8.50741	8.38994			8.64485	8.34486	〔bg=#FFFF00〕8.49486
1060	8.12701		8.06032	8.22505	8.22569	8.18701	8.0136	8.02902	8.26409	8.16403	7.92666	8.20569	8.13012		7.9794	8.20891	7.98363	8.17447	8.01348	8.07168	8.08081	7.94358	8.02421	8.16618	8.06463			8.29291	7.96111	8.12701
1120	7.81841		7.73174	7.88679	7.87728	7.83796	7.70859	7.71513	7.92241	7.83728	7.60984	7.85567	7.79827		7.67458	7.90135	7.69281	7.84491	7.70761	7.76451	7.77304	7.65529	7.71527	7.84113	7.75705			7.9933	7.64352	7.81841
1180	7.59023		7.48502	7.61116	7.59883	7.57194	7.47549	7.47753	7.64544	7.58435	7.35949	7.58476	7.53940		7.44103	7.63807	7.47145	7.58073	7.48158	7.52275	7.52795	7.43485	7.4768	7.58532	7.51605			7.77161	7.40886	7.59023
1250	7.40368		7.28242	7.37482	7.36299	7.35558	7.28417	7.28035	7.41104	7.37445	7.14723	7.35861	7.32317		7.24825	7.40795	7.28734	7.35962	7.29908	7.32012	7.32416	7.25523	7.28177	7.37552	7.31590			7.58883	7.21853	7.40368
1320	7.27801		7.14822	7.21411	7.20363	7.21159	7.15631	7.14786	7.25189	7.23021	7.00397	7.20759	7.17754		7.11876	7.24962	7.16466	7.21035	7.18013	7.18421	7.1874	7.13386	7.15257	7.23759	7.18191			7.46487	7.09114	7.27801
1400	7.18329		7.04554	7.08849	7.08083	7.10331	7.0588	7.04756	7.1293	7.12044	6.89249	7.09367	7.06604		7.02136	7.12838	7.07111	7.09838	7.0911	7.08031	7.08556	7.04187	7.05454	7.13269	7.08053			7.37233	6.99426	7.18329
1500	7.11027		6.96866	6.99293	6.98767	7.02196	6.98411	6.9716	7.03426	7.03639	6.80786	7.00757	6.98130		6.94851	7.03775	7.00076	7.01268	7.02648	7.00374	7.00857	6.97264	6.98182	7.05613	7.00491			7.29895	6.9216	7.11027
1600	7.06648		6.9233	6.93699	6.93298	6.97545	6.94182	6.92671	6.97931	6.98651	6.75853	6.95778	6.93194		6.90677	6.98467	6.96005	6.96495	6.98914	6.95884	6.96497	6.93334	6.94025	7.01176	6.96147			7.25447	6.87849	7.06648
1700	7.04088		6.89746	6.90356	6.90145	6.94733	6.91756	6.90066	6.94672	6.95699	6.72915	6.92865	6.90295		6.88371	6.95447	6.93757	6.9376	6.96879	6.93408	6.93956	6.91075	6.91655	6.98751	6.93706			7.22846	6.8533	7.04088
1800	7.02744		6.88366	6.88482	6.88382	6.93278	6.90398	6.88712	6.92822	6.94105	6.71248	6.91252	6.88704		6.87136	6.93817	6.92527	6.92337	6.95949	6.92102	6.92672	6.89894	6.9038	6.97494	6.92431			7.2146	6.84028	7.02744
1900	7.02140		6.87826	6.87622	6.87557	6.92705	6.89883	6.88174	6.91954	6.93406	6.7047	6.90548	6.88015		6.86611	6.93176	6.92076	6.91704	6.95629	6.91627	6.92171	6.8951	6.89907	6.96968	6.91938			7.20755	6.83526	7.02140
2000	7.02013		6.87785	6.87303	6.8734	6.92547	6.89874	6.88065	6.91677	6.9315	6.70278	6.90443	6.87846		6.86654	6.92946	6.92098	6.91569	6.95712	6.91633	6.92078	6.89452	6.90015	6.96825	6.91898			7.20604	6.83421	〔bg=#FFFF00〕7.02013
2120	7.02146		6.87943	6.87199	6.87328	6.9276	6.90138	6.88224	6.91524	6.9324	6.70272	6.90519	6.87915		6.8692	6.93113	6.92288	6.91729	6.96142	6.91789	6.92444	6.89773	6.90318	6.9709	6.92161			7.20724	6.83569	7.02146
2240	7.02663		6.88405	6.8763	6.878	6.93253	6.90696	6.88715	6.92045	6.93706	6.70859	6.90954	6.88406		6.8756	6.93557	6.92951	6.9233	6.96953	6.92419	6.93014	6.90336	6.90871	6.97743	6.92773			7.21167	6.8416	7.02663
2360	7.03146		6.89141	6.88233	6.88482	6.93954	6.91432	6.89469	6.92626	6.94366	6.71413	6.91674	6.89079		6.88376	6.94192	6.93687	6.93068	6.97793	6.93237	6.93749	6.91083	6.91669	6.98564	6.93542			7.2144	6.84852	7.03146
2500	7.04185		6.90328	6.89282	6.89527	6.95116	6.92511	6.90568	6.93652	6.95429	6.72464	6.92653	6.90153		6.89535	6.95322	6.94923	6.94129	6.99042	6.94314	6.94941	6.92202	6.92852	6.99648	6.94691			7.22402	6.85967	7.04185
2650	7.05518		6.91638	6.9054	6.90824	6.96394	6.93807	6.91953	6.94874	6.96693	6.73602	6.94024	6.91435		6.90859	6.96644	6.96259	6.95444	7.00379	6.95701	6.9626	6.936	6.94209	7.01072	6.96043			7.23817	6.8722	7.05518
2800	7.06923		6.93135	6.91966	6.92249	6.97839	6.95356	6.93383	6.96198	6.98165	6.74961	6.95464	6.92872		6.92356	6.98036	6.97654	6.96957	7.02031	6.97124	6.97605	6.95163	6.95824	7.02503	6.97525			7.25134	6.88713	7.06923
3000	7.09056		6.95305	6.93991	6.94379	6.99978	6.97477	6.95473	6.9824	7.00286	6.77059	6.97582	6.94977		6.94519	7.0016	6.99779	6.99043	7.04115	6.99267	6.99852	6.97327	6.97877	7.0464	6.99658			7.27214	6.90898	7.09056
3150	7.10621		6.97013	6.9554	6.95984	7.0144	6.99139	6.971	6.99816	7.01869	6.78596	6.9918	6.96568		6.96188	7.01857	7.01426	7.00659	7.05769	7.00864	7.01465	6.99007	6.99488	7.06228	7.01295			7.28793	6.92449	7.10621
3350	7.12871		6.99391	6.97808	6.98241	7.03793	7.01439	6.9949	7.02187	7.04235	6.80893	7.01527	6.98900		6.98575	7.04284	7.03799	7.03101	7.08217	7.0327	7.03914	7.01399	7.0198	7.08688	7.03723			7.30811	6.94931	7.12871
3550	7.15313		7.0198	7.00218	7.00715	7.06353	7.03871	7.01899	7.04587	7.06679	6.83269	7.03926	7.01350		7.01101	7.06638	7.06229	7.05477	7.10646	7.0586	7.0644	7.03955	7.04485	7.1108	7.06191			7.33159	6.97467	7.15313
3750	7.17737		7.04525	7.02701	7.03318	7.08795	7.06368	7.04405	7.07092	7.09254	6.85793	7.06376	7.03863		7.03666	7.09166	7.08765	7.07926	7.13131	7.08402	7.09078	7.06544	7.06948	7.1361	7.08724			7.35495	6.99979	7.17737
4000	7.20796		7.07757	7.059	7.06538	7.12078	7.09637	7.07635	7.10318	7.12564	6.8896	7.09592	7.07098		7.06986	7.1244	7.1199	7.1124	7.16565	7.11584	7.12327	7.09882	7.10226	7.16939	7.12018			7.38414	7.03178	7.20796
4250	7.24112		7.11131	7.09425	7.09972	7.15515	7.13169	7.11092	7.13802	7.16082	6.92242	7.13087	7.10552		7.10505	7.15814	7.15527	7.14629	7.19943	7.15039	7.15782	7.13341	7.13757	7.20455	7.15479			7.41629	7.06595	7.24112
4500	7.27592		7.14596	7.1284	7.13598	7.19025	7.16756	7.14532	7.17333	7.1964	6.95708	7.16473	7.14050		7.14007	7.19369	7.19117	7.18154	7.23467	7.18685	7.19388	7.16908	7.17334	7.24051	7.19048			7.45017	7.10167	7.27592
4750	7.31066		7.1828	7.1657	7.17243	7.22551	7.20301	7.18099	7.20753	7.2319	6.99051	7.20157	7.17619		7.17578	7.23082	7.22917	7.21748	7.2718	7.22379	7.23116	7.20584	7.20779	7.27567	7.22693			7.48385	7.13747	7.31066
5000	7.34766		7.22052	7.2033	7.20805	7.26326	7.24104	7.21881	7.2439	7.2694	7.02609	7.23896	7.21333		7.21328	7.26979	7.26575	7.25417	7.3097	7.26092	7.26771	7.24442	7.24523	7.31375	7.26447			7.5205	7.17482	7.34766
5300	7.39411		7.26723	7.24907	7.25493	7.31022	7.28658	7.26582	7.29204	7.31649	7.07092	7.28536	7.25987		7.26108	7.31799	7.31294	7.30124	7.35553	7.30955	7.31509	7.29162	7.29371	7.36034	7.31191			7.56641	7.22181	7.39411
5600	7.43926		7.31476	7.29754	7.30375	7.35737	7.33336	7.3132	7.33935	7.36307	7.11658	7.33293	7.30719		7.30945	7.366	7.3614	7.34951	7.40346	7.35643	7.36355	7.33882	7.34203	7.40831	7.35990			7.61075	7.26776	7.43926
6000	7.50391		7.38014	7.36483	7.37145	7.42391	7.39943	7.37989	7.4063	7.42997	7.18125	7.3995	7.37367		7.37662	7.43331	7.42743	7.41623	7.46957	7.42347	7.43105	7.40495	7.40815	7.47511	7.42659			7.67525	7.33257	7.50391
6300	7.55332		7.43091	7.4171	7.42365	7.47356	7.44946	7.43151	7.45754	7.4816	7.23014	7.45125	7.42467		7.42834	7.48523	7.47788	7.46799	7.52105	7.47499	7.48278	7.45622	7.45957	7.52687	7.47809			7.724	7.38264	7.55332
6700	7.62215		7.50114	7.49002	7.49444	7.5419	7.51902	7.50219	7.52842	7.5502	7.29671	7.52134	7.49454		7.49702	7.55737	7.54659	7.53929	7.59053	7.54635	7.55211	7.52893	7.53119	7.59766	7.54870			7.79094	7.45337	7.62215
7100	7.69262		7.57174	7.56129	7.5654	7.61103	7.59056	7.57301	7.59911	7.62038	7.36553	7.59225	7.56503		7.56802	7.62945	7.61742	7.61143	7.66046	7.61943	7.62296	7.60203	7.60361	7.66807	7.62029			7.85906	7.52618	7.69262
7500	7.76992		7.63727	7.62678	7.63413	7.68161	7.66626	7.6428	7.67266	7.69302	7.43313	7.66071	7.63484		7.64259	7.70517	7.68328	7.67757	7.73266	7.68702	7.68732	7.66489	7.67097	7.74024	7.68917			7.93275	7.60708	7.76992
8000	7.86006		7.72511	7.71492	7.72053	7.76702	7.7512	7.72818	7.75951	7.77862	7.51503	7.74688	7.72070		7.73013	7.79053	7.77222	7.76448	7.8237	7.77508	7.77703	7.75562	7.75977	7.82674	7.77753			8.02001	7.70012	7.86006
8500	7.94102		7.82607	7.81582	7.82191	7.86728	7.85004	7.82735	7.85867	7.87836	7.61015	7.84706	7.82027		7.82973	7.88912	7.87193	7.86598	7.92361	7.87725	7.87743	7.85644	7.86086	7.92778	7.87801			8.10226	7.77978	7.94102
9000	8.03892		7.92703	7.91735	7.92344	7.96847	7.94891	7.92596	7.95996	7.97829	7.7058	7.94828	7.92035		7.93068	7.99061	7.97379	7.96754	8.02404	7.97926	7.97858	7.95716	7.96301	8.02995	7.97946			8.19845	7.8794	8.03892
9500	8.13763		8.02715	8.01775	8.02444	8.06949	8.04879	8.02508	8.06045	8.07877	7.80059	8.04937	8.02019		8.03186	8.09352	8.07483	8.06991	8.1237	8.08129	8.08054	8.05683	8.0647	8.13243	8.08096			8.29502	7.98024	8.13763
10000	8.23346		8.12583	8.11583	8.12368	8.16835	8.14804	8.12278	8.15949	8.17777	7.89283	8.14898	8.11836		8.13071	8.19371	8.17309	8.16985	8.22041	8.18188	8.18003	8.15511	8.16433	8.23205	8.18012			8.38923	8.07769	8.23346
10600	8.35015		8.24261	8.23402	8.23953	8.28581	8.26481	8.24122	8.27656	8.29471	8.00559	8.2669	8.23518		8.24793	8.31184	8.2892	8.28504	8.33867	8.29755	8.29847	8.27261	8.28192	8.34794	8.29712			8.5056	8.1947	8.35015
11200	8.47433		8.36451	8.35522	8.35936	8.40832	8.38809	8.36358	8.39631	8.4176	8.12326	8.38865	8.35649		8.36782	8.43046	8.4103	8.40344	8.45752	8.41787	8.41807	8.39443	8.4031	8.46778	8.41708			8.62861	8.32005	8.47433
11800	8.60288		8.48664	8.47899	8.48314	8.53321	8.51448	8.4885	8.51979	8.54297	8.24291	8.51188	8.48025		8.49107	8.55436	8.5349	8.52719	8.58082	8.54266	8.54225	8.52011	8.52817	8.59141	8.54129			8.75647	8.44929	8.60288
12500	8.76026		8.63765	8.63222	8.63406	8.68274	8.66672	8.63911	8.67117	8.69583	8.38737	8.66249	8.63094		8.64345	8.70725	8.68634	8.67964	8.73356	8.69491	8.69377	8.67263	8.67834	8.74406	8.69340			8.91114	8.60937	8.76026
13200	8.91840		8.795	8.78937	8.79411	8.84225	8.82707	8.79763	8.83055	8.85515	8.53897	8.82221	8.78923		8.80264	8.86793	8.84553	8.83968	8.89294	8.85505	8.85416	8.83279	8.8379	8.90345	8.85321			9.06886	8.76794	8.91840
14000	9.10397		8.98291	8.97498	8.98029	9.02967	9.01498	8.98471	9.02005	9.04275	8.71755	9.01014	8.97580		8.98935	9.05376	9.03047	9.02747	9.08174	9.04353	9.04076	9.01927	9.02485	9.09107	9.04023			9.25217	8.95577	9.10397

## FO DATA
〔fg=#0000FF,b〕RESULT CHECKING FO					
〔fg=#0000FF,b〕TEST #1	899.32737	〔fg=#0000FF,b〕NORMAL #1	881.74925	〔fg=#0000FF,b〕ST #4	870.84587
〔fg=#0000FF,b〕TEST #2	930.38781	〔fg=#0000FF,b〕NORMAL #2	913.44364	〔fg=#0000FF,b〕ST #5	871.834
〔fg=#0000FF,b〕TEST #3	886.83937	〔fg=#0000FF,b〕NORMAL #3	909.20906		
〔fg=#0000FF,b〕TEST #4	919.12893	〔fg=#0000FF,b〕NORMAL #4	895.12649		
〔fg=#0000FF,b〕TEST #5	886.855	〔fg=#0000FF,b〕NORMAL #5	875.61296		
〔fg=#0000FF,b〕TEST #6	906.28121	〔fg=#0000FF,b〕NORMAL #6	879.37231		
〔fg=#0000FF,b〕TEST #7	910.72331	〔fg=#0000FF,b〕NORMAL #7	910.65556		
〔fg=#0000FF,b〕TEST #8	885.20974	〔fg=#0000FF,b〕NORMAL #8	890.53332		
〔fg=#0000FF,b〕TEST #9	896.48415	〔fg=#0000FF,b〕NORMAL #9	898.21022		
〔fg=#0000FF,b〕TEST #10	910.07668	〔fg=#0000FF,b〕NORMAL #10	904.5943		
〔bg=#FFFF00,b〕AVG	〔bg=#FFFF00,b〕903.13	〔bg=#FFFF00,b〕AVG	〔bg=#FFFF00,b〕895.85	〔bg=#FFFF00,b〕AVG	〔bg=#FFFF00,b〕871.34
