## SPL
HZ	〔b〕Hàng thường										〔b〕Mẫu test frame + coil lệch										
	〔bg=#F2DCDB〕# 1	〔bg=#F2DCDB〕# 2	〔bg=#F2DCDB〕# 3	〔bg=#F2DCDB〕# 4	〔bg=#F2DCDB〕# 5	〔bg=#F2DCDB〕# 6	〔bg=#F2DCDB〕# 7	〔bg=#F2DCDB〕# 8	〔bg=#F2DCDB〕# 9	〔bg=#F2DCDB〕# 10	〔bg=#DCE6F1〕# 1	〔bg=#DCE6F1〕# 2	〔bg=#DCE6F1〕# 3	〔bg=#DCE6F1〕# 4	〔bg=#DCE6F1〕# 5	〔bg=#DCE6F1〕# 6	〔bg=#DCE6F1〕# 7	〔bg=#DCE6F1〕# 8	〔bg=#DCE6F1〕# 9	〔bg=#DCE6F1〕# 10	〔bg=#DCE6F1〕# 11
20	70.78	70.787	71.877	71.556	72.726	70.123	71.499	72.281	71.485	73.446	73.036	72.911	72.063	75.229	71.973	73.214	72.974	71.916	72.988	70.653	72.399
21.2	73.02	72.79	71.364	72.57	73.007	71.306	71.493	71.955	72.807	73.96	73.724	72.802	73.359	74.606	72.502	73.929	73.472	72.986	73.604	71.409	73.569
22.4	73.287	72.554	71.715	71.566	74.182	71.76	72.569	72.936	72.36	74.807	73.771	73.566	73.505	76	72.525	74.168	74.11	73.047	74.202	72.798	72.85
23.6	74.852	72.085	72.336	73.238	74.536	72.815	73.006	73.664	73.956	74.788	74.554	73.769	73.513	75.456	71.959	73.894	73.701	74.099	73.617	72.724	74.122
25	74.082	73.499	73.603	73.602	74.079	72.799	74.276	74.597	73.813	75.571	74.833	74.786	74.465	76.288	71.691	73.924	74.568	74.159	73.955	73.782	73.839
26.5	74.647	73.975	74.238	74.097	75.192	73.595	74.745	73.817	74.501	75.826	75.396	74.771	75.087	76.962	73.166	75.785	75.164	74.924	75.171	73.118	74.415
28	74.596	73.444	74.603	74.502	75.06	73.632	74.387	74.108	74.464	75.831	75.611	75.542	75.627	77.234	74.123	75.405	75.286	74.389	75.505	74.181	75.353
30	75.003	74.818	74.87	74.455	75.912	73.741	74.124	75.237	74.982	76.543	76.111	76.332	75.795	77.717	73.87	76.109	75.281	75.059	76.571	74.389	75.996
31.5	75.211	74.537	75.288	75.136	76.467	75.134	75.043	76.076	75.327	77.214	76.375	76.68	76.434	77.477	74.929	76.773	76.172	75.872	76.018	75.459	75.926
33.5	75.523	75.66	75.72	75.759	76.483	75.513	75.617	76.168	75.526	77.766	78.215	76.72	76.834	78.66	75.047	76.991	77.127	75.973	76.657	75.474	76.326
35.5	77.048	75.95	75.733	76.224	77.117	75.804	77.475	76.021	77.43	77.999	77.542	76.932	77.14	78.859	75.91	77.693	77.44	76.454	77.006	76.115	76.563
37.5	76.939	76.522	76.423	76.351	78.355	75.967	76.679	76.653	76.9	78.734	78.014	78.178	77.846	79.629	76.185	77.708	77.908	77.479	77.433	76.586	77.651
40	77.377	76.635	75.909	76.58	77.387	75.92	76.304	77.927	77.883	78.595	78.302	77.845	78.368	80.562	76.549	77.985	78.555	78.08	78.469	77.212	78.231
42.5	78.033	80.325	76.836	77.09	78.71	76.672	77.406	78.587	77.724	79.392	78.925	78.794	78.874	79.799	77.31	79.077	79.559	77.78	78.722	76.929	77.997
45	78.392	79.011	77.175	77.848	78.825	77.422	77.611	78.293	78.462	79.44	79.179	78.953	79.014	80.739	78.059	78.931	79.54	79.084	79.233	78.613	78.662
47.5	78.465	77.805	77.149	77.669	79.114	77.538	78.18	80.584	78.505	80.162	79.839	79.016	79.628	81.009	78.082	79.202	79.974	78.716	79.815	79.351	79.358
50	79.02	78.559	78.452	78.428	79.433	77.993	78.592	77.727	78.759	80.606	79.362	79.746	79.919	81.2	77.441	80.16	80.632	79.336	79.552	78.792	79.163
53	79.164	78.71	78.994	78.973	79.629	77.97	78.919	79.321	79.403	80.592	79.922	79.884	80.367	81.825	79.385	79.695	80.933	79.664	80.247	78.756	79.897
56	79.495	79.104	79.401	79.15	79.23	78.659	79.2	79.609	79.744	81.297	80.38	80.255	79.183	82.285	78.941	80.601	80.808	80.509	80.559	79.051	80.199
60	80.071	79.827	79.635	79.345	80.653	79.089	79.352	80.123	80.236	81.853	81.145	80.822	81.227	82.513	79.653	81.363	80.83	80.574	80.731	79.119	80.523
63	80.17	79.787	80.416	79.844	80.187	78.772	79.985	80.828	80.364	81.551	81.588	80.843	81.443	83.131	80.243	81.487	81.641	80.536	81.345	80.517	80.418
67	80.77	80.262	79.962	80.346	81.371	79.331	80.358	80.829	80.755	82.273	81.69	81.52	81.021	83.059	80.272	82.008	81.522	81.283	81.448	80.155	81.174
71	81.326	81.235	80.628	80.863	81.545	80.269	80.807	81.122	81.226	82.579	81.804	82.096	81.453	83.858	80.549	82.188	81.798	81.362	81.725	80.595	81.284
75	81.555	80.614	80.997	81.404	82.073	80.727	80.745	81.513	81.751	82.829	82.54	82.029	82.602	83.969	80.75	82.857	82.055	81.623	82.15	81.101	81.467
80	81.763	81.209	81.085	81.505	82.382	80.945	81.062	81.429	81.997	83.268	82.656	82.714	82.59	84.223	81.269	82.908	82.886	82.058	82.717	81.941	82.181
85	81.842	81.73	81.691	81.495	82.416	81.099	81.442	82.411	82.29	83.414	83.238	82.924	82.856	84.639	81.564	83.089	82.8	82.246	82.888	81.93	82.479
90	82.51	81.76	81.892	81.95	82.678	81.49	81.759	82.592	82.613	83.647	83.381	82.948	83.241	84.86	81.884	83.419	83.343	82.653	83.097	82.396	82.775
95	82.796	81.949	82.26	82.203	83.009	81.743	82.237	83.072	82.823	84.027	83.689	83.427	83.646	85.117	82.405	83.622	83.654	82.857	83.181	82.767	83.199
100	82.926	82.152	82.504	82.588	83.146	82.208	82.315	83.078	83.02	84.096	83.95	83.678	83.624	85.414	82.442	83.888	83.804	83.223	83.731	83.239	83.34
106	82.871	82.438	82.704	82.896	83.433	81.972	82.555	83.326	83.395	84.492	84.042	83.832	84.067	85.584	82.597	84.005	84.132	83.407	83.732	83.052	83.529
112	83.156	82.843	82.913	82.738	83.671	82.416	82.75	83.237	83.744	84.587	84.358	84.045	84.297	85.903	83.163	84.284	84.251	83.496	84.032	83.483	83.818
118	83.37	82.995	83.019	83.125	83.943	82.538	83.095	83.587	83.625	84.783	84.51	84.291	84.435	85.94	83.26	84.374	84.433	83.808	84.285	83.548	83.875
125	83.645	83.122	83.093	83.523	84.011	82.902	82.95	83.847	84.025	84.997	84.657	84.712	84.618	86.263	83.461	84.766	84.624	83.808	84.476	83.931	84.07
132	83.837	83.249	83.453	83.607	84.221	83.104	83.265	84.182	84.143	85.211	84.788	84.66	84.836	86.302	83.525	84.782	84.945	84.092	84.677	84.098	84.336
140	84.183	83.472	83.441	83.835	84.242	83.404	83.507	84.46	84.352	85.322	84.923	84.916	85.12	86.537	83.611	85.083	84.915	84.33	84.774	84.19	84.467
150	84.176	83.579	83.639	83.932	84.429	83.499	83.615	84.469	84.646	85.506	85.101	85.193	85.263	86.639	83.962	85.266	85.192	84.389	85.03	84.497	84.614
160	84.346	83.749	83.682	84.113	84.666	83.635	83.783	84.972	84.728	85.642	85.209	85.36	85.444	86.913	84.04	85.286	85.414	84.598	85.23	84.687	84.936
170	84.379	83.855	83.973	84.225	84.664	83.791	83.945	85.021	85.029	85.791	85.341	85.497	85.601	86.985	84.24	85.328	85.419	84.814	85.366	84.7	84.908
180	84.622	83.796	83.806	84.338	84.792	83.956	84.057	85.194	85.075	85.892	85.415	85.55	85.743	87.03	84.309	85.483	85.478	84.749	85.413	84.91	85.07
190	84.58	84.086	83.844	84.429	84.85	84.088	83.906	85.001	85.172	86.007	85.533	85.769	85.763	87.187	84.429	85.492	85.534	84.802	85.548	85.161	85.032
200	84.705	83.9	83.869	84.786	84.937	84.304	84.407	85.366	85.28	86.029	85.51	85.8	85.76	87.24	84.571	85.433	85.772	84.884	85.637	85.215	85.147
212	84.733	83.924	84.099	84.752	84.959	84.056	83.996	85.729	85.439	86.146	85.502	85.982	85.882	87.138	84.64	85.547	85.916	84.93	85.647	85.138	85.284
224	84.812	84.021	84.101	84.756	84.958	84.461	84.155	85.456	85.491	86.244	85.51	86.019	85.798	87.221	84.695	85.485	85.945	85.001	85.753	85.287	85.336
236	84.787	84.02	84.155	84.913	84.92	84.473	84.235	85.639	85.503	86.226	85.691	86.119	86.051	87.319	84.635	85.541	85.823	85.164	85.831	85.424	85.125
250	84.764	84.171	84.057	84.734	84.902	84.49	84.178	85.771	85.535	86.196	85.698	86.11	86.036	87.292	84.708	85.62	85.756	85.121	85.833	85.451	85.175
265	84.723	84.211	84.324	84.757	84.957	84.443	84.205	85.998	85.52	86.246	85.732	86.226	85.97	87.261	84.707	85.684	85.761	84.954	85.965	85.484	85.292
280	84.819	84.097	84.228	84.923	84.996	84.471	84.292	85.905	85.577	86.188	85.608	86.158	86.063	87.124	84.835	85.557	85.904	85.259	86.094	85.466	85.23
300	84.833	84.203	83.97	84.822	84.924	84.463	84.22	86.036	85.64	86.286	85.652	86.305	85.947	87.097	84.553	85.473	85.857	85.066	85.917	85.387	85.207
315	84.835	84.106	83.936	84.752	84.827	84.477	84.136	85.745	85.669	86.323	85.403	86.337	86	87.059	84.561	85.444	85.835	85.13	85.938	85.519	85.252
335	84.837	84.132	84.151	84.692	84.89	84.475	84.118	85.9	85.728	86.252	85.367	86.398	85.999	86.923	84.553	85.48	85.801	85.058	85.908	85.404	85.1
355	84.768	83.97	83.956	84.674	84.841	84.476	84.029	86.264	85.715	86.119	85.196	86.333	85.978	86.941	84.644	85.463	85.737	85.026	85.9	85.351	85.111
375	84.651	83.971	84.113	84.684	84.741	84.437	84.042	86.105	85.656	86.195	85.325	86.384	85.912	86.905	84.451	85.438	85.645	84.935	85.997	85.376	85.076
400	84.861	84.007	84.027	84.697	84.654	84.494	83.953	86.092	85.696	86.105	85.201	86.348	85.764	86.784	84.525	85.372	85.601	84.93	85.861	85.229	84.986
425	84.582	83.849	84.003	84.446	84.634	84.38	83.911	86.13	85.668	86.058	85.263	86.398	85.816	86.747	84.576	85.325	85.525	84.78	85.729	85.241	84.942
450	84.554	83.898	84.11	84.504	84.538	84.422	83.865	85.921	85.66	86.101	85.244	86.376	85.744	86.665	84.422	85.268	85.538	84.682	85.793	85.154	84.879
475	84.474	83.827	83.915	84.446	84.496	84.263	83.914	85.917	85.571	86.009	84.93	86.333	85.638	86.628	84.336	85.238	85.449	84.688	85.924	85.129	84.853
500	84.507	83.828	83.882	84.32	84.522	84.13	83.803	86.121	85.59	85.893	85.072	86.3	85.601	86.443	84.29	85.178	85.304	84.691	85.49	85.131	84.807
530	84.504	83.788	83.855	84.457	84.364	84.347	83.762	86.018	85.464	85.746	84.815	86.313	85.539	86.499	84.266	85.085	85.306	84.6	85.777	84.959	84.768
560	84.426	83.725	83.829	84.292	84.398	83.999	83.698	86.016	85.463	85.688	85.203	86.23	85.435	86.398	84.288	85.015	85.215	84.514	85.673	84.95	84.665
600	84.313	83.759	83.873	84.248	84.364	83.911	83.738	85.939	85.426	85.729	85.246	86.203	85.412	86.26	84.256	85.05	85.037	84.452	85.562	84.916	84.701
630	84.184	83.684	83.802	84.236	84.252	84.149	83.702	85.867	85.372	85.581	84.504	86.201	85.332	86.256	84.276	85.016	85.112	84.498	85.487	84.868	84.607
670	84.204	83.707	83.796	84.11	84.188	83.992	83.701	85.987	85.295	85.604	84.81	86.146	85.241	86.205	84.184	85	85.02	84.412	85.421	84.825	84.562
710	84.173	83.653	83.822	84.199	84.204	84.033	83.665	85.921	85.312	85.542	84.806	86.118	85.265	86.104	84.296	85.051	85.063	84.356	85.413	84.774	84.608
750	84.212	83.758	83.842	84.124	84.253	83.942	83.671	85.885	85.291	85.508	84.593	86.123	85.218	86.14	84.232	85.041	85.055	84.378	85.428	84.803	84.628
800	84.229	83.833	83.966	84.168	84.3	84.005	83.826	85.99	85.341	85.571	84.732	86.152	85.269	86.11	84.244	85.1	85.07	84.442	85.403	84.808	84.644
850	84.301	83.939	84.046	84.265	84.423	84.101	83.926	86.031	85.386	85.657	84.847	86.244	85.348	86.205	84.342	85.222	85.139	84.525	85.487	84.913	84.758
900	84.43	84.096	84.253	84.377	84.549	84.216	84.053	86.194	85.523	85.746	84.957	86.378	85.489	86.305	84.55	85.352	85.299	84.655	85.607	85.068	84.919
950	84.623	84.305	84.432	84.579	84.754	84.373	84.292	86.328	85.661	85.833	85.133	86.516	85.633	86.534	84.733	85.585	85.439	84.86	85.75	85.219	85.125
1000	84.78	84.54	84.685	84.788	84.95	84.563	84.517	86.51	85.863	86.073	85.351	86.692	85.823	86.677	84.985	85.772	85.656	85.054	85.934	85.437	85.32
1060	85.066	84.842	84.993	85.054	85.235	84.79	84.815	86.736	86.078	86.274	85.609	86.928	86.083	86.961	85.249	86.095	85.916	85.327	86.171	85.71	85.611
1120	85.301	85.113	85.288	85.296	85.495	85.038	85.081	86.968	86.299	86.533	85.868	87.154	86.329	87.196	85.521	86.349	86.167	85.58	86.362	85.978	85.86
1180	85.526	85.377	85.548	85.515	85.747	85.254	85.346	87.149	86.51	86.692	86.118	87.347	86.545	87.426	85.787	86.628	86.4	85.819	86.558	86.205	86.106
1250	85.748	85.613	85.795	85.78	85.987	85.449	85.596	87.33	86.672	86.894	86.33	87.505	86.76	87.654	86.044	86.882	86.623	86.046	86.769	86.438	86.352
1320	85.902	85.821	86.007	85.925	86.166	85.598	85.793	87.438	86.818	87.042	86.51	87.615	86.931	87.817	86.243	87.081	86.786	86.244	86.902	86.614	86.554
1400	86.057	86.01	86.204	86.138	86.368	85.738	85.996	87.553	86.936	87.168	86.692	87.749	87.093	87.972	86.415	87.279	86.956	86.41	86.98	86.796	86.743
1500	86.222	86.227	86.422	86.298	86.552	85.9	86.211	87.651	87.066	87.324	86.887	87.834	87.271	88.156	86.63	87.505	87.145	86.611	87.137	86.983	86.957
1600	86.379	86.424	86.621	86.476	86.732	86.022	86.398	87.75	87.181	87.465	87.067	87.937	87.434	88.321	86.819	87.709	87.319	86.786	87.273	87.163	87.154
1700	86.563	86.634	86.835	86.665	86.947	86.204	86.626	87.829	87.326	87.632	87.265	88.049	87.609	88.497	87.036	87.933	87.512	86.974	87.415	87.342	87.359
1800	86.757	86.887	87.082	86.89	87.171	86.392	86.871	87.974	87.495	87.808	87.485	88.228	87.84	88.744	87.256	88.184	87.731	87.208	87.57	87.588	87.593
1900	86.973	87.133	87.321	87.175	87.408	86.592	87.116	88.146	87.681	88.001	87.713	88.358	88.045	88.978	87.481	88.425	87.949	87.44	87.742	87.821	87.825
2000	87.223	87.383	87.575	87.383	87.655	86.81	87.36	88.306	87.892	88.217	87.954	88.543	88.292	89.241	87.736	88.69	88.202	87.673	87.93	88.049	88.072
2120	87.524	87.715	87.905	87.688	87.975	87.093	87.685	88.534	88.168	88.51	88.272	88.79	88.593	89.509	88.053	89.038	88.514	87.977	88.289	88.367	88.394
2240	87.846	88.067	88.261	87.996	88.312	87.43	88.035	88.781	88.474	88.831	88.609	89.06	88.929	89.856	88.409	89.395	88.848	88.315	88.571	88.712	88.739
2360	88.198	88.433	88.635	88.37	88.673	87.76	88.406	89.061	88.796	89.172	88.978	89.368	89.289	90.187	88.787	89.783	89.211	88.681	88.893	89.073	89.097
2500	88.622	88.89	89.085	88.814	89.129	88.171	88.873	89.414	89.203	89.597	89.429	89.747	89.735	90.66	89.233	90.255	89.646	89.139	89.297	89.505	89.556
2650	89.118	89.404	89.612	89.32	89.641	88.657	89.39	89.839	89.667	90.082	89.937	90.198	90.244	91.179	89.743	90.798	90.151	89.652	89.772	90.013	90.065
2800	89.639	89.954	90.151	89.847	90.179	89.167	89.938	90.28	90.169	90.6	90.467	90.675	90.767	91.714	90.256	91.362	90.682	90.179	90.275	90.55	90.605
3000	90.375	90.707	90.908	90.596	90.923	89.883	90.687	90.924	90.862	91.318	91.221	91.344	91.52	92.463	91.017	92.155	91.423	90.916	90.979	91.296	91.351
3150	90.963	91.309	91.511	91.198	91.523	90.474	91.296	91.458	91.431	91.901	91.825	91.914	92.124	93.078	91.618	92.791	92.026	91.524	91.552	91.892	91.955
3350	91.798	92.171	92.372	92.04	92.378	91.291	92.149	92.23	92.236	92.73	92.684	92.717	92.973	93.94	92.464	93.688	92.865	92.362	92.368	92.732	92.811
3550	92.695	93.085	93.293	92.952	93.284	92.19	93.061	93.064	93.108	93.628	93.601	93.591	93.892	94.872	93.367	94.659	93.769	93.266	93.241	93.642	93.726
3750	93.674	94.078	94.29	93.94	94.272	93.15	94.052	93.986	94.053	94.59	94.593	94.543	94.889	95.866	94.344	95.709	94.749	94.244	94.195	94.63	94.713
4000	95.021	95.441	95.656	95.308	95.623	94.478	95.415	95.275	95.391	95.952	95.963	95.871	96.258	97.25	95.693	97.146	96.109	95.601	95.517	95.996	96.083
4250	96.554	96.992	97.203	96.843	97.161	95.994	96.979	96.738	96.924	97.511	97.516	97.381	97.812	98.823	97.228	98.786	97.662	97.144	97.042	97.546	97.639
4500	98.332	98.757	98.98	98.593	98.939	97.756	98.782	98.44	98.693	99.303	99.302	99.157	99.613	100.64	98.994	100.671	99.455	98.93	98.808	99.349	99.446
4750	100.36	100.819	101.051	100.63	100.998	99.862	100.851	100.444	100.738	101.383	101.377	101.283	101.715	102.753	101.046	102.854	101.516	101.005	100.861	101.43	101.523
5000	102.741	103.21	103.442	103.004	103.392	102.239	103.261	102.801	103.126	103.791	103.789	103.697	104.127	105.216	103.411	105.386	103.915	103.402	103.263	103.819	103.925
5300	105.977	106.444	106.693	106.235	106.631	105.422	106.507	105.963	106.333	107.048	107.053	106.91	107.405	108.506	106.632	108.826	107.166	106.632	106.452	107.059	107.174
5600	108.76	109.219	109.541	109.093	109.475	108.251	109.354	108.8	109.152	109.921	109.97	109.811	110.333	111.466	109.497	111.948	110.038	109.536	109.308	109.958	110.072
6000	108.786	109.227	109.743	109.342	109.599	108.387	109.513	109.084	109.27	110.101	110.275	110.121	110.692	111.865	109.802	112.673	110.306	109.855	109.551	110.345	110.429
6300	107.189	107.66	108.242	107.839	108.038	106.814	107.995	107.533	107.702	108.568	108.817	108.665	109.278	110.496	108.334	111.618	108.844	108.359	108.01	108.957	109.012
6700	105.578	106.092	106.732	106.303	106.464	105.247	106.484	105.932	106.132	107.061	107.363	107.301	107.894	109.198	106.827	110.89	107.41	106.832	106.425	107.596	107.594
7100	104.903	105.465	106.239	105.795	105.873	104.613	106.001	105.334	105.538	106.552	106.948	106.949	107.579	109.001	106.347	111.565	107.053	106.302	105.828	107.276	107.223
7500	105.097	105.774	106.772	106.242	106.219	104.901	106.466	105.558	105.774	106.984	107.562	107.609	108.312	109.89	106.76	113.621	107.7	106.739	106.12	107.625	107.912
8000	106.351	107.187	108.441	107.838	107.631	106.309	108.003	106.775	107.101	108.59	109.482	109.646	110.457	112.368	107.04	113.879	109.648	108.381	107.497	107.929	109.547
8500	108.715	109.771	110.417	110.139	110.352	108.697	110.694	108.983	109.644	111.549	112.538	112.718	113.442	115.842	109.563	108.532	112.145	111.261	109.988	110.922	112.054
9000	112.886	114.43	114.535	113.619	114.537	112.632	114.895	112.073	114.069	115.562	116.17	114.025	116.114	115.717	113.674	103.776	115.534	115.723	113.532	115.894	115.659
9500	117.926	119.473	117.52	117.183	118.372	116.546	118.121	115.016	117.994	117.327	114.668	111.017	113.817	112.699	118.291	107.402	115.995	117.975	116.469	116.717	115.392
10000	117.344	116.977	114.137	114.831	116.042	115.255	115.006	114.425	116.131	114.435	111.751	107.552	110.89	111.829	115.86	111.564	113.262	114.714	114.798	113.585	112.829
10600	114.403	114.043	111.029	112.186	113.81	112.955	112.133	112.978	113.768	112.524	111.944	108.706	110.576	110.774	113.291	110.39	112.358	112.393	113.069	112.484	111.397
11200	114.742	114.09	113.463	113.832	114.218	113.525	113.322	113.526	114.477	113.41	113.115	113.474	112.718	111.975	113.762	111.396	113.522	113.452	113.659	113.354	112.437
11800	119.644	120.196	120.694	119.4	119.559	119.144	119.335	118.469	119.214	118.82	118.525	118.518	118.066	117.585	119.211	116.927	118.911	118.69	118.825	118.712	117.756
12500	116.807	117.3	117.719	117.266	116.817	116.487	116.521	117.113	116.728	116.591	116.62	116.233	116.636	115.895	117.562	115.34	117.179	117.228	117.218	116.948	115.892
13200	108.198	108.535	108.858	108.237	107.954	107.599	108.016	107.93	107.959	107.794	107.754	107.258	107.811	107.231	108.849	106.838	108.449	108.165	108.192	108.059	107.306
14000	103.332	103.797	103.884	103.379	102.99	102.772	103.194	103.047	103.131	102.933	102.998	102.666	103.098	102.769	103.902	102.234	103.712	103.264	103.209	103.19	103.562
15000	100.812	101.255	101.26	100.737	100.714	100.275	100.67	100.602	100.713	100.602	100.533	100.526	100.562	100.704	101.213	99.882	101.168	100.78	100.765	100.562	101.414
16000	101.37	101.791	101.754	101.117	101.975	100.732	101.164	100.882	101.26	101.102	100.964	100.98	101.046	101.337	101.668	100.657	101.622	101.096	101.12	101.197	101.863
17000	105.887	106.431	106.341	105.552	106.403	105.152	105.687	105.089	105.686	105.523	105.398	105.375	105.615	105.783	106.098	105.419	106.13	105.356	105.369	105.664	106.316
18000	108.204	108.52	108.792	108.708	109.047	107.84	108.284	108.744	108.281	108.545	108.604	108.545	108.684	109.001	108.997	108.563	109.129	108.793	108.74	108.621	109.324
19000	100.633	101.007	101.171	100.906	101.429	100.32	100.761	100.905	100.72	100.965	100.928	100.981	101.013	101.435	101.263	101.194	101.512	101.111	101.111	100.973	101.63
20000	98.006	98.396	98.452	98.031	98.665	97.545	98.053	97.932	98.028	98.165	98.129	98.257	98.217	98.641	98.431	98.583	98.719	98.174	98.195	98.176	98.799
21200	98.216	98.629	98.68	98.247	98.809	97.746	98.308	98.133	98.276	98.387	98.37	98.511	98.503	98.91	98.575	98.755	99.028	98.351	98.416	98.408	99.001
22400	93.915	94.243	94.344	94.103	94.49	93.426	93.977	94.065	93.991	94.127	94.264	94.493	94.366	94.778	94.336	95.108	94.861	94.201	94.238	94.192	94.843
23600	94.206	94.633	94.634	94.003	94.702	93.64	94.278	93.894	94.181	94.294	94.367	94.636	94.449	94.896	94.326	95.895	94.954	94.179	94.16	94.211	95.18
25000	102.747	103.301	103.174	102.165	103.158	102.055	102.887	101.889	102.599	102.66	102.693	102.909	102.808	103.289	102.617	105.036	103.351	102.261	102.294	102.564	103.886
26500	99.434	99.853	99.998	99.83	100.187	98.982	99.855	99.928	99.729	99.9	100.159	100.361	100.502	100.911	100.085	102.07	101.074	100.088	100.029	100.162	101.845
28000	97.434	98.146	97.945	97.321	98.056	96.661	98.073	97.364	97.638	97.626	97.882	98.4	98.136	98.762	97.788	94.984	98.665	97.702	97.499	98.048	99.557
30000	107.93	108.536	108.503	107.901	108.487	107.493	108.106	107.089	107.377	108.129	108.734	109.706	107.873	109.635	107.016	103.246	109.542	106.752	107.825	108.044	110.468
31500	102.061	102.482	102.931	103	102.929	102.392	102.444	103.088	102.595	103.093	103.876	105.122	103.482	104.991	102.593	100.204	104.766	102.774	102.78	103.072	105.655
33500	105.112	105.79	105.714	105.332	104.868	104.738	105.383	104.595	105.22	105.27	106.289	106.955	105.146	107.362	104.794	102.119	106.488	104.248	104.779	105.649	106.58
35500	102.922	103.191	103.754	103.379	103.454	102.885	103.167	103.394	103.27	103.185	104.271	103.761	104.543	105.397	103.392	102.04	104.747	103.172	103.542	103.765	105.2
37500	98.35	98.024	98.451	97.474	97.483	97.388	97.205	98.423	98.008	96.962	98.682	96.975	98.723	98.535	98.098	93.65	97.641	97.965	99.027	99.174	97.221
40000	91.172	90.217	93.148	93.152	90.904	93.45	91.055	95.827	92.173	93.749	93.497	92.367	92.857	93.462	91.583	91.3	91.831	93.246	94.327	93.219	92.371

## IMP
HZ	〔b〕HÀNG THƯỜNG										〔b〕Mẫu test frame + coil lệch										
	〔bg=#F2DCDB〕# 1	〔bg=#F2DCDB〕# 2	〔bg=#F2DCDB〕# 3	〔bg=#F2DCDB〕# 4	〔bg=#F2DCDB〕# 5	〔bg=#F2DCDB〕# 6	〔bg=#F2DCDB〕# 7	〔bg=#F2DCDB〕# 8	〔bg=#F2DCDB〕# 9	〔bg=#F2DCDB〕# 10	〔bg=#DCE6F1〕# 1	〔bg=#DCE6F1〕# 2	〔bg=#DCE6F1〕# 3	〔bg=#DCE6F1〕# 4	〔bg=#DCE6F1〕# 5	〔bg=#DCE6F1〕# 6	〔bg=#DCE6F1〕# 7	〔bg=#DCE6F1〕# 8	〔bg=#DCE6F1〕# 9	〔bg=#DCE6F1〕# 10	〔bg=#DCE6F1〕# 11
20	10.337	10.281	10.359	10.342	10.367	10.38	10.361	10.453	10.309	10.339	10.397	10.474	10.409	10.326	10.354	10.346	10.378	10.352	10.412	10.4	10.431
21.2	10.466	10.412	10.45	10.449	10.459	10.519	10.453	10.524	10.447	10.475	10.532	10.536	10.482	10.457	10.485	10.472	10.513	10.469	10.528	10.532	10.523
22.4	10.512	10.455	10.488	10.491	10.492	10.565	10.485	10.552	10.497	10.52	10.572	10.554	10.505	10.502	10.527	10.511	10.558	10.509	10.567	10.579	10.549
23.6	10.529	10.474	10.499	10.506	10.503	10.586	10.498	10.562	10.517	10.537	10.588	10.547	10.512	10.52	10.544	10.527	10.573	10.525	10.592	10.594	10.555
25	10.536	10.475	10.5	10.511	10.505	10.601	10.501	10.563	10.525	10.542	10.59	10.545	10.512	10.523	10.548	10.529	10.573	10.529	10.595	10.598	10.565
26.5	10.535	10.48	10.499	10.508	10.504	10.591	10.497	10.561	10.522	10.543	10.587	10.542	10.51	10.521	10.546	10.526	10.572	10.528	10.594	10.595	10.558
28	10.536	10.48	10.496	10.506	10.501	10.585	10.495	10.557	10.521	10.539	10.583	10.537	10.507	10.52	10.547	10.524	10.571	10.527	10.587	10.595	10.548
30	10.531	10.474	10.488	10.501	10.494	10.573	10.489	10.554	10.52	10.533	10.577	10.532	10.506	10.517	10.544	10.522	10.566	10.522	10.582	10.593	10.544
31.5	10.528	10.469	10.488	10.498	10.491	10.569	10.489	10.553	10.516	10.535	10.578	10.526	10.503	10.514	10.541	10.516	10.566	10.52	10.579	10.59	10.54
33.5	10.527	10.469	10.487	10.495	10.487	10.567	10.485	10.55	10.512	10.529	10.573	10.522	10.498	10.509	10.538	10.512	10.56	10.518	10.578	10.587	10.539
35.5	10.523	10.464	10.484	10.492	10.483	10.564	10.482	10.546	10.51	10.528	10.567	10.521	10.495	10.505	10.532	10.511	10.556	10.516	10.572	10.583	10.54
37.5	10.523	10.465	10.483	10.488	10.479	10.585	10.478	10.544	10.506	10.522	10.562	10.516	10.489	10.506	10.53	10.508	10.555	10.513	10.569	10.58	10.538
40	10.519	10.46	10.479	10.486	10.478	10.577	10.475	10.54	10.505	10.519	10.56	10.512	10.483	10.503	10.529	10.505	10.552	10.509	10.566	10.579	10.533
42.5	10.516	10.46	10.476	10.483	10.476	10.577	10.47	10.541	10.504	10.52	10.56	10.511	10.481	10.5	10.529	10.503	10.548	10.508	10.563	10.577	10.531
45	10.513	10.458	10.475	10.48	10.474	10.568	10.471	10.537	10.5	10.517	10.558	10.508	10.482	10.497	10.526	10.498	10.545	10.506	10.561	10.571	10.527
47.5	10.514	10.455	10.475	10.481	10.472	10.561	10.471	10.538	10.498	10.514	10.552	10.505	10.479	10.499	10.526	10.5	10.547	10.507	10.561	10.573	10.533
50	10.515	10.455	10.472	10.478	10.468	10.564	10.467	10.537	10.5	10.512	10.552	10.504	10.477	10.495	10.524	10.5	10.543	10.504	10.557	10.57	10.533
53	10.511	10.456	10.472	10.479	10.47	10.565	10.468	10.536	10.496	10.511	10.549	10.505	10.48	10.495	10.522	10.496	10.545	10.5	10.556	10.57	10.531
56	10.51	10.454	10.469	10.477	10.469	10.56	10.468	10.537	10.494	10.508	10.548	10.5	10.48	10.493	10.523	10.493	10.538	10.503	10.556	10.567	10.532
60	10.509	10.452	10.472	10.476	10.466	10.555	10.465	10.534	10.496	10.507	10.549	10.5	10.479	10.492	10.521	10.494	10.539	10.499	10.555	10.568	10.525
63	10.509	10.452	10.47	10.474	10.467	10.554	10.463	10.533	10.492	10.509	10.548	10.501	10.479	10.488	10.521	10.494	10.541	10.497	10.554	10.57	10.521
67	10.51	10.451	10.466	10.474	10.462	10.559	10.463	10.534	10.493	10.507	10.545	10.497	10.478	10.492	10.519	10.492	10.538	10.499	10.553	10.567	10.525
71	10.507	10.449	10.467	10.472	10.465	10.559	10.469	10.533	10.491	10.506	10.543	10.498	10.472	10.491	10.519	10.493	10.536	10.499	10.552	10.566	10.523
75	10.506	10.452	10.469	10.472	10.464	10.568	10.463	10.535	10.495	10.506	10.546	10.496	10.474	10.484	10.515	10.494	10.537	10.498	10.547	10.568	10.516
80	10.504	10.447	10.467	10.473	10.464	10.562	10.461	10.538	10.493	10.504	10.542	10.497	10.475	10.488	10.519	10.495	10.538	10.499	10.547	10.565	10.514
85	10.506	10.451	10.469	10.47	10.463	10.562	10.461	10.54	10.494	10.503	10.543	10.5	10.477	10.485	10.521	10.49	10.536	10.502	10.554	10.563	10.516
90	10.503	10.448	10.464	10.47	10.465	10.561	10.46	10.543	10.493	10.503	10.544	10.498	10.473	10.487	10.519	10.487	10.534	10.498	10.545	10.566	10.513
95	10.507	10.449	10.463	10.472	10.462	10.553	10.46	10.54	10.491	10.507	10.545	10.498	10.478	10.49	10.516	10.491	10.536	10.5	10.55	10.56	10.51
100	10.506	10.447	10.464	10.472	10.461	10.555	10.459	10.545	10.491	10.504	10.544	10.492	10.475	10.485	10.517	10.491	10.53	10.496	10.549	10.565	10.511
106	10.505	10.447	10.465	10.469	10.462	10.553	10.462	10.543	10.492	10.504	10.542	10.495	10.476	10.485	10.519	10.491	10.531	10.497	10.549	10.57	10.514
112	10.504	10.45	10.466	10.469	10.463	10.548	10.46	10.54	10.492	10.505	10.546	10.497	10.475	10.486	10.515	10.488	10.533	10.501	10.551	10.57	10.511
118	10.505	10.45	10.464	10.472	10.462	10.552	10.463	10.541	10.489	10.506	10.543	10.491	10.476	10.483	10.519	10.486	10.535	10.497	10.55	10.563	10.514
125	10.511	10.454	10.463	10.47	10.458	10.549	10.46	10.541	10.488	10.503	10.545	10.494	10.474	10.487	10.518	10.491	10.534	10.497	10.549	10.563	10.515
132	10.503	10.446	10.47	10.471	10.462	10.544	10.464	10.542	10.491	10.503	10.545	10.492	10.473	10.489	10.513	10.491	10.533	10.501	10.546	10.567	10.517
140	10.507	10.447	10.466	10.473	10.461	10.544	10.459	10.538	10.491	10.502	10.54	10.492	10.476	10.489	10.517	10.492	10.535	10.495	10.55	10.563	10.513
150	10.509	10.449	10.464	10.465	10.465	10.545	10.457	10.543	10.485	10.506	10.539	10.491	10.471	10.489	10.517	10.493	10.536	10.499	10.549	10.567	10.51
160	10.503	10.449	10.468	10.47	10.462	10.545	10.458	10.542	10.49	10.506	10.544	10.494	10.476	10.485	10.517	10.49	10.537	10.494	10.552	10.563	10.515
170	10.507	10.453	10.463	10.472	10.467	10.543	10.46	10.539	10.494	10.503	10.541	10.499	10.472	10.487	10.516	10.49	10.533	10.501	10.548	10.566	10.511
180	10.504	10.447	10.462	10.472	10.468	10.538	10.459	10.54	10.492	10.504	10.545	10.495	10.473	10.491	10.517	10.493	10.535	10.498	10.55	10.569	10.511
190	10.506	10.448	10.468	10.469	10.464	10.539	10.461	10.537	10.492	10.501	10.537	10.495	10.475	10.487	10.518	10.487	10.538	10.492	10.554	10.567	10.511
200	10.501	10.448	10.464	10.474	10.458	10.542	10.459	10.546	10.493	10.507	10.541	10.491	10.471	10.49	10.518	10.489	10.533	10.495	10.546	10.562	10.514
212	10.506	10.449	10.462	10.475	10.463	10.544	10.457	10.536	10.493	10.504	10.546	10.497	10.477	10.486	10.517	10.493	10.536	10.49	10.547	10.565	10.514
224	10.507	10.453	10.461	10.473	10.464	10.541	10.462	10.544	10.491	10.501	10.55	10.492	10.475	10.485	10.517	10.491	10.53	10.495	10.549	10.566	10.514
236	10.508	10.449	10.464	10.47	10.464	10.539	10.462	10.541	10.49	10.501	10.538	10.496	10.479	10.49	10.514	10.49	10.533	10.496	10.551	10.568	10.513
250	10.505	10.451	10.466	10.473	10.462	10.547	10.463	10.542	10.494	10.51	10.544	10.498	10.48	10.482	10.517	10.49	10.531	10.502	10.557	10.565	10.515
265	10.507	10.45	10.468	10.468	10.459	10.542	10.46	10.543	10.494	10.504	10.544	10.5	10.476	10.488	10.515	10.493	10.533	10.504	10.549	10.571	10.511
280	10.509	10.448	10.472	10.469	10.461	10.542	10.462	10.539	10.487	10.506	10.544	10.492	10.47	10.489	10.522	10.494	10.533	10.499	10.547	10.565	10.511
300	10.511	10.452	10.464	10.476	10.462	10.537	10.457	10.537	10.493	10.504	10.538	10.5	10.472	10.492	10.52	10.492	10.536	10.497	10.55	10.567	10.506
315	10.502	10.453	10.464	10.467	10.467	10.54	10.463	10.542	10.488	10.505	10.544	10.494	10.475	10.485	10.52	10.493	10.537	10.494	10.556	10.563	10.507
335	10.507	10.447	10.47	10.474	10.46	10.54	10.467	10.543	10.495	10.5	10.537	10.498	10.472	10.491	10.513	10.489	10.533	10.498	10.551	10.568	10.516
355	10.5	10.451	10.464	10.47	10.461	10.534	10.46	10.54	10.491	10.507	10.543	10.497	10.476	10.491	10.512	10.484	10.531	10.498	10.549	10.571	10.511
375	10.508	10.446	10.459	10.466	10.462	10.544	10.452	10.545	10.49	10.505	10.546	10.494	10.475	10.49	10.518	10.491	10.531	10.495	10.549	10.574	10.51
400	10.511	10.449	10.459	10.469	10.469	10.537	10.459	10.54	10.485	10.508	10.539	10.489	10.473	10.481	10.52	10.487	10.532	10.498	10.551	10.562	10.519
425	10.513	10.45	10.463	10.467	10.466	10.539	10.456	10.54	10.493	10.507	10.545	10.496	10.47	10.488	10.517	10.488	10.532	10.49	10.551	10.566	10.515
450	10.508	10.451	10.46	10.47	10.463	10.539	10.459	10.541	10.494	10.505	10.55	10.501	10.477	10.487	10.519	10.486	10.534	10.493	10.54	10.566	10.509
475	10.512	10.453	10.459	10.477	10.461	10.539	10.456	10.539	10.493	10.502	10.539	10.493	10.476	10.493	10.524	10.485	10.527	10.493	10.547	10.567	10.513
500	10.513	10.452	10.463	10.465	10.464	10.54	10.453	10.539	10.491	10.503	10.54	10.495	10.467	10.492	10.517	10.491	10.533	10.503	10.551	10.564	10.506
530	10.508	10.439	10.477	10.469	10.463	10.536	10.459	10.544	10.494	10.509	10.541	10.491	10.479	10.487	10.523	10.489	10.53	10.499	10.549	10.559	10.508
560	10.497	10.441	10.463	10.47	10.463	10.538	10.462	10.539	10.492	10.502	10.546	10.49	10.475	10.493	10.517	10.491	10.529	10.495	10.546	10.571	10.516
600	10.495	10.455	10.455	10.474	10.465	10.541	10.454	10.537	10.491	10.511	10.537	10.493	10.474	10.49	10.522	10.494	10.53	10.502	10.546	10.566	10.51
630	10.513	10.455	10.459	10.474	10.467	10.536	10.467	10.545	10.496	10.501	10.541	10.49	10.479	10.48	10.52	10.5	10.537	10.501	10.546	10.576	10.516
670	10.511	10.447	10.465	10.469	10.464	10.534	10.465	10.535	10.489	10.51	10.535	10.492	10.482	10.496	10.518	10.493	10.535	10.49	10.548	10.57	10.516
710	10.506	10.455	10.46	10.473	10.465	10.531	10.461	10.538	10.484	10.51	10.545	10.489	10.475	10.486	10.515	10.487	10.535	10.497	10.557	10.567	10.517
750	10.51	10.451	10.468	10.462	10.47	10.538	10.456	10.544	10.492	10.496	10.537	10.504	10.472	10.491	10.515	10.492	10.535	10.496	10.552	10.565	10.509
800	10.496	10.451	10.466	10.474	10.466	10.538	10.459	10.536	10.492	10.502	10.545	10.492	10.473	10.492	10.513	10.482	10.529	10.497	10.557	10.573	10.512
850	10.512	10.445	10.455	10.469	10.457	10.539	10.468	10.544	10.499	10.506	10.549	10.49	10.47	10.493	10.527	10.488	10.531	10.49	10.548	10.567	10.526
900	10.505	10.449	10.465	10.47	10.473	10.539	10.464	10.54	10.491	10.502	10.546	10.493	10.481	10.483	10.515	10.487	10.535	10.502	10.545	10.559	10.512
950	10.514	10.444	10.468	10.473	10.463	10.535	10.461	10.541	10.492	10.5	10.547	10.492	10.476	10.493	10.52	10.485	10.53	10.497	10.545	10.566	10.504
1000	10.498	10.443	10.468	10.477	10.472	10.541	10.457	10.539	10.498	10.501	10.537	10.495	10.483	10.492	10.514	10.489	10.529	10.501	10.54	10.564	10.522
1060	10.509	10.453	10.469	10.468	10.462	10.536	10.457	10.544	10.489	10.507	10.539	10.504	10.475	10.496	10.516	10.49	10.539	10.5	10.554	10.571	10.508
1120	10.508	10.445	10.459	10.462	10.465	10.54	10.456	10.548	10.497	10.509	10.544	10.491	10.47	10.494	10.523	10.493	10.534	10.505	10.541	10.568	10.511
1180	10.507	10.457	10.457	10.468	10.465	10.538	10.463	10.537	10.49	10.504	10.542	10.499	10.478	10.485	10.524	10.485	10.536	10.5	10.558	10.567	10.511
1250	10.51	10.45	10.461	10.475	10.466	10.536	10.455	10.538	10.494	10.505	10.55	10.501	10.473	10.485	10.52	10.488	10.539	10.495	10.543	10.566	10.507
1320	10.506	10.447	10.469	10.471	10.456	10.539	10.453	10.542	10.49	10.502	10.545	10.495	10.475	10.485	10.513	10.495	10.536	10.49	10.548	10.574	10.514
1400	10.506	10.448	10.465	10.472	10.453	10.542	10.455	10.544	10.494	10.51	10.547	10.494	10.476	10.491	10.514	10.497	10.53	10.498	10.552	10.564	10.515
1500	10.502	10.446	10.463	10.464	10.468	10.534	10.459	10.54	10.491	10.501	10.546	10.497	10.478	10.494	10.518	10.479	10.538	10.495	10.55	10.572	10.507
1600	10.512	10.449	10.467	10.471	10.465	10.534	10.459	10.542	10.487	10.507	10.542	10.507	10.475	10.488	10.518	10.487	10.535	10.5	10.545	10.559	10.52
1700	10.508	10.447	10.472	10.464	10.464	10.531	10.458	10.535	10.49	10.502	10.544	10.494	10.478	10.482	10.514	10.491	10.528	10.501	10.55	10.568	10.517
1800	10.513	10.442	10.465	10.47	10.461	10.536	10.457	10.548	10.492	10.506	10.547	10.498	10.475	10.483	10.517	10.493	10.529	10.491	10.542	10.567	10.516
1900	10.509	10.443	10.476	10.474	10.467	10.542	10.452	10.54	10.497	10.509	10.544	10.505	10.483	10.489	10.514	10.494	10.535	10.498	10.554	10.567	10.51
2000	10.506	10.454	10.467	10.473	10.467	10.532	10.465	10.54	10.49	10.51	10.539	10.498	10.471	10.488	10.517	10.494	10.527	10.505	10.551	10.566	10.51
2120	10.507	10.451	10.463	10.48	10.47	10.543	10.453	10.541	10.501	10.496	10.542	10.493	10.477	10.487	10.529	10.486	10.532	10.5	10.543	10.572	10.524
2240	10.511	10.449	10.467	10.473	10.477	10.536	10.465	10.544	10.492	10.495	10.541	10.501	10.483	10.493	10.516	10.487	10.532	10.501	10.546	10.57	10.516
2360	10.505	10.446	10.458	10.478	10.462	10.536	10.462	10.543	10.489	10.502	10.539	10.497	10.479	10.496	10.514	10.49	10.526	10.507	10.54	10.561	10.516
2500	10.511	10.442	10.47	10.471	10.467	10.536	10.461	10.537	10.493	10.503	10.544	10.501	10.473	10.489	10.522	10.492	10.536	10.505	10.548	10.572	10.517
2650	10.51	10.452	10.457	10.482	10.466	10.533	10.468	10.548	10.498	10.509	10.548	10.495	10.476	10.496	10.515	10.488	10.531	10.5	10.553	10.573	10.51
2800	10.515	10.454	10.469	10.474	10.467	10.539	10.457	10.541	10.491	10.503	10.551	10.498	10.486	10.498	10.516	10.494	10.532	10.492	10.549	10.565	10.516
3000	10.502	10.45	10.465	10.477	10.464	10.543	10.463	10.549	10.493	10.501	10.546	10.507	10.474	10.497	10.523	10.493	10.529	10.503	10.548	10.576	10.517
3150	10.506	10.455	10.473	10.478	10.466	10.537	10.457	10.545	10.495	10.508	10.544	10.498	10.47	10.493	10.523	10.497	10.536	10.493	10.551	10.568	10.52
3350	10.514	10.453	10.468	10.477	10.465	10.542	10.462	10.539	10.494	10.509	10.548	10.506	10.478	10.491	10.525	10.504	10.537	10.506	10.544	10.576	10.523
3550	10.511	10.449	10.466	10.479	10.468	10.538	10.467	10.535	10.493	10.499	10.544	10.503	10.488	10.491	10.531	10.5	10.537	10.498	10.556	10.573	10.519
3750	10.52	10.458	10.473	10.478	10.459	10.54	10.465	10.547	10.496	10.518	10.546	10.507	10.478	10.507	10.532	10.495	10.537	10.506	10.555	10.566	10.522
4000	10.515	10.459	10.469	10.479	10.467	10.541	10.469	10.548	10.494	10.517	10.552	10.497	10.477	10.503	10.534	10.498	10.544	10.501	10.554	10.581	10.52
4250	10.517	10.452	10.463	10.479	10.47	10.542	10.474	10.556	10.507	10.508	10.551	10.507	10.479	10.496	10.533	10.498	10.544	10.499	10.559	10.581	10.522
4500	10.509	10.459	10.478	10.482	10.472	10.552	10.463	10.545	10.499	10.514	10.546	10.5	10.48	10.497	10.529	10.499	10.542	10.513	10.552	10.577	10.521
4750	10.518	10.46	10.477	10.483	10.47	10.547	10.472	10.56	10.504	10.516	10.555	10.503	10.488	10.5	10.533	10.507	10.549	10.512	10.562	10.576	10.526
5000	10.52	10.465	10.487	10.488	10.48	10.547	10.471	10.554	10.5	10.509	10.552	10.511	10.494	10.503	10.536	10.506	10.541	10.505	10.556	10.582	10.517
5300	10.515	10.462	10.473	10.485	10.479	10.548	10.48	10.554	10.502	10.518	10.557	10.517	10.485	10.511	10.534	10.507	10.551	10.509	10.565	10.578	10.533
5600	10.525	10.47	10.489	10.502	10.488	10.553	10.473	10.554	10.513	10.524	10.557	10.52	10.493	10.5	10.532	10.515	10.554	10.522	10.572	10.583	10.53
6000	10.526	10.473	10.488	10.492	10.486	10.552	10.471	10.561	10.512	10.526	10.559	10.526	10.493	10.509	10.534	10.518	10.549	10.523	10.568	10.591	10.537
6300	10.531	10.472	10.487	10.499	10.491	10.565	10.478	10.566	10.514	10.532	10.563	10.526	10.502	10.523	10.539	10.532	10.552	10.524	10.57	10.591	10.537
6700	10.532	10.466	10.489	10.506	10.495	10.558	10.482	10.564	10.529	10.53	10.573	10.524	10.509	10.53	10.543	10.555	10.559	10.517	10.58	10.598	10.54
7100	10.534	10.475	10.5	10.5	10.493	10.557	10.482	10.579	10.524	10.547	10.574	10.544	10.515	10.537	10.545	10.592	10.571	10.531	10.577	10.604	10.551
7500	10.547	10.489	10.502	10.509	10.503	10.569	10.496	10.582	10.534	10.55	10.59	10.561	10.535	10.567	10.564	10.697	10.581	10.54	10.584	10.606	10.573
8000	10.557	10.499	10.529	10.539	10.519	10.583	10.517	10.606	10.55	10.578	10.624	10.606	10.571	10.627	10.575	10.838	10.614	10.56	10.606	10.639	10.602
8500	10.592	10.535	10.576	10.609	10.559	10.621	10.562	10.645	10.592	10.636	10.71	10.736	10.692	10.838	10.615	10.682	10.694	10.617	10.651	10.684	10.69
9000	10.681	10.652	10.733	10.82	10.698	10.719	10.718	10.725	10.717	10.818	10.938	10.833	10.9	10.852	10.754	10.611	10.928	10.798	10.787	10.897	10.914
9500	10.932	11.008	10.963	10.852	10.966	10.91	10.947	10.889	10.933	10.926	10.84	10.669	10.74	10.702	11.064	10.656	10.924	10.962	10.957	10.981	10.842
10000	10.801	10.731	10.653	10.647	10.722	10.778	10.648	10.8	10.726	10.701	10.702	10.599	10.606	10.617	10.758	10.652	10.709	10.701	10.79	10.746	10.669
10600	10.628	10.553	10.559	10.571	10.576	10.642	10.552	10.671	10.593	10.591	10.639	10.606	10.567	10.567	10.617	10.571	10.638	10.592	10.667	10.679	10.603
11200	10.583	10.523	10.566	10.545	10.54	10.611	10.524	10.619	10.56	10.576	10.613	10.589	10.546	10.544	10.587	10.553	10.602	10.57	10.625	10.652	10.576
11800	10.568	10.534	10.54	10.535	10.53	10.596	10.52	10.604	10.553	10.571	10.611	10.566	10.538	10.547	10.581	10.545	10.6	10.567	10.616	10.627	10.571
12500	10.568	10.509	10.529	10.525	10.527	10.592	10.524	10.597	10.557	10.549	10.602	10.552	10.531	10.543	10.582	10.548	10.592	10.558	10.608	10.62	10.576
13200	10.566	10.506	10.519	10.532	10.52	10.581	10.52	10.604	10.55	10.562	10.6	10.558	10.534	10.559	10.577	10.553	10.586	10.551	10.599	10.622	10.588
14000	10.567	10.514	10.531	10.535	10.527	10.606	10.52	10.608	10.55	10.564	10.611	10.556	10.536	10.558	10.585	10.554	10.592	10.565	10.609	10.638	10.586
15000	10.572	10.523	10.542	10.542	10.545	10.606	10.529	10.613	10.563	10.58	10.614	10.572	10.548	10.565	10.581	10.557	10.612	10.569	10.626	10.638	10.587
16000	10.588	10.532	10.544	10.549	10.546	10.605	10.542	10.621	10.568	10.585	10.623	10.576	10.555	10.57	10.596	10.575	10.613	10.579	10.629	10.649	10.596
17000	10.593	10.542	10.553	10.56	10.552	10.62	10.548	10.636	10.585	10.589	10.624	10.577	10.563	10.579	10.607	10.584	10.619	10.583	10.636	10.658	10.6
18000	10.615	10.546	10.561	10.57	10.563	10.635	10.557	10.635	10.59	10.598	10.645	10.59	10.571	10.59	10.608	10.588	10.635	10.594	10.641	10.663	10.606
19000	10.617	10.559	10.573	10.578	10.587	10.647	10.57	10.649	10.605	10.612	10.656	10.61	10.589	10.595	10.63	10.611	10.634	10.606	10.656	10.678	10.629
20000	10.629	10.574	10.59	10.593	10.589	10.664	10.585	10.667	10.611	10.63	10.656	10.615	10.602	10.615	10.639	10.613	10.658	10.617	10.667	10.687	10.642
21200	10.644	10.581	10.602	10.613	10.6	10.673	10.593	10.685	10.626	10.636	10.687	10.636	10.607	10.62	10.664	10.636	10.666	10.629	10.683	10.693	10.652
22400	10.66	10.61	10.61	10.622	10.616	10.69	10.617	10.696	10.64	10.65	10.701	10.639	10.621	10.639	10.669	10.641	10.682	10.651	10.688	10.717	10.659
23600	10.673	10.618	10.627	10.636	10.63	10.7	10.63	10.709	10.661	10.672	10.716	10.666	10.648	10.664	10.69	10.665	10.696	10.663	10.718	10.737	10.684
25000	10.688	10.637	10.649	10.66	10.647	10.723	10.65	10.731	10.685	10.693	10.729	10.689	10.665	10.677	10.712	10.685	10.721	10.685	10.733	10.763	10.7
26500	10.721	10.655	10.681	10.685	10.68	10.742	10.675	10.755	10.7	10.71	10.759	10.705	10.691	10.703	10.725	10.705	10.744	10.702	10.757	10.782	10.735
28000	10.754	10.685	10.701	10.717	10.701	10.771	10.7	10.785	10.723	10.737	10.78	10.726	10.701	10.732	10.762	10.73	10.777	10.72	10.786	10.806	10.757
30000	10.785	10.735	10.745	10.744	10.744	10.813	10.737	10.825	10.769	10.782	10.832	10.78	10.75	10.774	10.801	10.777	10.81	10.775	10.818	10.844	10.802
31500	10.821	10.76	10.78	10.785	10.775	10.84	10.774	10.858	10.803	10.81	10.855	10.808	10.789	10.801	10.831	10.807	10.847	10.81	10.868	10.879	10.833
33500	10.865	10.81	10.833	10.837	10.824	10.896	10.817	10.908	10.845	10.863	10.909	10.865	10.836	10.86	10.873	10.847	10.89	10.852	10.906	10.935	10.878
35500	10.919	10.867	10.883	10.885	10.881	10.948	10.878	10.965	10.903	10.924	10.968	10.914	10.884	10.908	10.935	10.918	10.948	10.919	10.961	10.985	10.934
37500	10.994	10.937	10.954	10.96	10.95	11.018	10.948	11.036	10.981	10.989	11.034	10.982	10.956	10.982	11.007	10.98	11.018	10.989	11.023	11.055	11
40000	11.105	11.039	11.066	11.064	11.059	11.127	11.05	11.138	11.091	11.096	11.146	11.09	11.065	11.088	11.116	11.089	11.121	11.097	11.134	11.155	11.109

## THD
HZ	〔b〕HÀNG THƯỜNG										〔b〕Mẫu test frame + coil lệch										
	〔bg=#F2DCDB〕# 1	〔bg=#F2DCDB〕# 2	〔bg=#F2DCDB〕# 3	〔bg=#F2DCDB〕# 4	〔bg=#F2DCDB〕# 5	〔bg=#F2DCDB〕# 6	〔bg=#F2DCDB〕# 7	〔bg=#F2DCDB〕# 8	〔bg=#F2DCDB〕# 9	〔bg=#F2DCDB〕# 10	〔bg=#DCE6F1〕# 1	〔bg=#DCE6F1〕# 2	〔bg=#DCE6F1〕# 3	〔bg=#DCE6F1〕# 4	〔bg=#DCE6F1〕# 5	〔bg=#DCE6F1〕# 6	〔bg=#DCE6F1〕# 7	〔bg=#DCE6F1〕# 8	〔bg=#DCE6F1〕# 9	〔bg=#DCE6F1〕# 10	〔bg=#DCE6F1〕# 11
20	7.893	5.226	3.962	6.876	7.136	11.779	6.376	12.376	17.758	5.475	3.764	2.389	10.021	5.074	8.372	8.202	7.294	5.026	4.566	4.534	3.339
21.2	5.557	2.308	6.025	8.39	9.093	9.646	10.738	11.184	6.005	6.658	10.277	11.141	10.524	13.357	15.645	3.706	10.813	5.95	10.614	14.408	7.511
22.4	8.386	13.205	17.241	9.892	15.569	5.468	6.421	2.515	7.367	9.41	15.208	12.405	8.497	8.188	13.671	12.483	7.591	11.839	9.907	11.822	11.761
23.6	16.761	6.828	11.96	4.893	9.342	10.014	6.617	2.995	13.961	8.093	6.803	7.494	15.887	4.962	7.605	9.679	6.62	8.693	9.086	13.358	11.213
25	9.244	5.669	3.853	4.252	4.367	4.004	4.368	4.625	11.134	6.145	3.887	4.74	8.578	5.759	8.723	7.413	6.086	6.951	15.469	15.36	4.927
26.5	6.682	3.797	2.272	7.886	3.131	1.056	6.188	9.295	2.817	2.551	1.378	4.955	2.797	8.224	6.967	6.393	6.929	5.603	4.305	11.961	4.892
28	5.251	6.097	6.187	3.785	3.803	7.372	8.254	3.311	5.395	12.284	7.689	7.219	5.756	4.728	2.443	5.498	3.787	5.95	2.285	4.353	3.894
30	3.882	9.916	7.925	2.227	4.65	5.474	1.855	2.49	7.553	5.252	2.661	8.414	9.658	4.151	2.816	5.34	4.73	4.727	3.276	10.64	4.56
31.5	3.182	4.915	6.19	3.204	3.579	3.689	4.236	6.047	2.909	5.439	2.27	1.61	2.341	2.137	7.281	5.437	7.731	5.337	5.995	10.339	5.38
33.5	4.961	6.147	4.65	5.45	6.811	4.43	6.754	7.444	13.855	3.994	2.281	5.352	1.904	1.349	3.211	2.372	10.484	4.34	1.371	7.352	5.068
35.5	3.005	5.783	4.706	2.707	4.171	1.703	4.679	5.138	4.463	3.414	2.742	1.946	1.476	4.808	2.806	3.447	4.365	7.026	3.032	4.5	6.079
37.5	2.111	1.644	1.277	2.71	2.478	4.087	2.886	2.455	1.678	4.027	2.079	3.047	2.31	2.218	0.886	2.237	2.348	1.77	6.111	2.996	4.485
40	2.089	1.885	2.783	1.324	2.728	5.081	1.93	3.176	2.351	0.771	2.023	3.559	2.867	2.353	1.889	4.768	0.735	2.663	1.185	1.207	1.483
42.5	3.002	1.509	3.912	1.435	1.596	2.625	1.746	3.493	1.804	1.365	3.281	1.287	2.041	2.135	1.827	2.461	1.048	1.397	1.543	1.609	3.198
45	4.652	2.123	1.663	2.017	1.252	2.154	1.401	4.814	2.513	3.662	2.008	1.732	2.409	1.866	1.647	1.82	2.613	0.881	1.812	3.585	3.946
47.5	4.743	2.482	2.781	3.416	2.225	1.293	0.855	2.935	2.785	1.861	0.191	1.445	2.575	1.14	2.767	1.078	2.112	2.125	0.862	3.491	3.142
50	3.282	2.042	2.054	1.266	1.481	2.372	3.705	1.419	3.736	1.695	0.8	2.633	2.491	1.484	0.723	1.755	1.474	1.535	0.806	4.664	1.984
53	1.288	3.594	2.319	2.806	1.694	1.123	1.572	2.091	1.628	1.113	2.211	0.735	1.344	1.306	2.752	1.63	1.779	1.345	1.425	4.398	3.088
56	1.829	3.137	1.42	2.681	2.343	1.957	1.515	2.924	2.023	0.913	1.296	2.409	2.543	0.557	4.941	1.317	3.449	1.47	1.011	1.329	1.575
60	7.243	1.877	0.903	1.533	5.551	2.43	2.342	0.816	1.086	0.684	2.514	1.74	2.901	2.4	2.162	1.548	1.85	1.564	1.023	1.464	2.108
63	1.518	5.823	1.144	0.716	1.446	2.046	1.913	2.923	2.179	0.736	1.052	1.544	3.056	2.041	1.341	2.166	2.022	1.487	0.51	1.218	1.439
67	2.252	1.005	1.762	1.309	0.934	2.465	1.621	1.676	2.699	0.918	1.185	2.266	2.589	2.081	2.523	0.839	3.882	0.826	1.554	2.655	1.367
71	2.545	1.9	1.57	1.231	0.753	6.169	0.765	0.629	2.127	0.605	1.187	2.422	2.405	1.722	2.969	1.346	3.399	1.646	2.895	2.631	1.822
75	2.204	2.481	1.452	2.033	0.623	0.361	0.939	1.673	1.872	1.93	1.728	2.307	2.657	0.73	1.952	2.104	4.29	0.917	1.182	2.623	2.551
80	5.308	2.666	1.684	0.993	0.9	3.418	1.99	1.123	1.8	1.479	1.028	1.473	1.402	2.06	2.244	1.68	3.506	0.996	0.78	2.001	2.201
85	1.151	1.566	1.557	0.527	1.258	2.862	1.099	2.278	2.389	0.987	1.885	1.476	2.281	1.307	1.553	0.618	1.607	0.411	1.285	1.916	2.604
90	2.283	1.508	1.205	1.298	1.386	6.441	1.449	2.778	1.714	0.945	1.059	0.705	4.463	0.784	1.578	1.216	1.025	1.363	0.983	0.721	0.874
95	0.945	1.459	1.165	1.331	0.646	4.652	1.788	0.58	1.812	2.285	0.804	0.818	3.621	1.465	1.898	0.746	1.796	2.463	0.534	1.475	2.097
100	2.072	0.693	0.953	1.183	0.638	1.012	3.982	0.404	2.004	1.412	0.497	1.631	1.673	0.87	0.362	0.71	1.088	2.632	0.915	1.006	0.988
106	1.435	1.432	0.904	1.5	1.143	1.893	1.573	1.068	1.221	2.688	0.592	0.775	1.124	1.73	1.739	1.503	1.143	0.658	1.275	2.016	0.927
112	0.666	0.544	1.437	1.141	0.428	2.539	0.544	1.796	1.28	1.943	1.122	2.146	0.872	1.679	0.991	1.151	1.177	1.982	0.586	1.204	1.432
118	1.065	1.188	0.719	1.361	0.381	1.972	1.382	1.664	1.797	1.746	0.663	0.739	1.377	1.946	0.961	1.149	1.459	1.544	0.955	0.951	1.737
125	1.254	0.39	0.744	1.838	1.364	2.383	0.892	2.804	2.212	0.707	0.66	1.35	1.379	1.092	1.112	3.336	0.98	1.466	0.461	1.137	0.385
132	2.407	0.368	1.357	0.884	0.607	0.656	0.743	0.516	2.192	0.712	0.817	1.43	1.52	0.931	0.764	2.102	1.375	0.604	0.803	1.067	1.35
140	1.253	0.206	0.336	1.319	0.726	1.481	0.799	0.761	1.962	1.093	0.532	1.057	1.199	0.944	0.982	0.78	2.406	0.692	0.81	0.95	0.53
150	1.958	1.561	0.623	0.941	0.518	1.502	1.253	1.363	1.88	1.058	1.044	1.495	1.464	0.813	0.909	2.121	1.372	0.889	0.741	0.622	1.784
160	1.158	0.531	1.02	0.821	0.548	0.724	0.474	0.882	0.509	0.525	0.506	0.826	1.19	2.576	1.374	1.274	1.566	0.525	0.328	0.907	0.86
170	1.15	1.019	0.981	1.876	0.305	1.266	0.523	0.626	0.841	0.756	0.825	0.497	0.824	1.044	0.632	2.225	1.302	0.462	0.623	0.412	1.099
180	1.365	0.496	1.402	0.912	0.683	1.132	0.54	0.715	1.119	1.163	0.721	0.642	0.734	1.727	0.754	0.533	1.021	0.733	0.897	0.491	1.165
190	0.457	0.934	1.446	1.465	0.907	1.364	0.892	1.216	0.636	1.275	0.419	1.34	0.727	0.527	0.789	0.78	1.14	0.98	1.199	0.516	1.018
200	1.07	0.277	0.576	1.313	0.534	0.308	0.761	0.851	0.889	0.396	0.44	0.664	0.789	0.893	1.038	0.823	1.076	0.622	1.125	0.531	0.683
212	0.498	0.293	0.428	1.026	0.822	1.118	0.752	0.587	1.067	0.921	0.346	0.934	1.07	1.568	0.422	0.754	1.671	0.911	0.972	0.593	0.952
224	0.369	0.197	0.652	0.788	0.186	0.842	0.59	0.628	0.784	0.419	0.243	0.419	0.621	1.075	0.372	0.198	1.097	0.805	0.361	0.461	0.692
236	0.89	0.718	0.513	0.358	0.491	0.485	0.525	0.932	0.511	0.286	0.394	0.406	0.788	0.714	0.312	0.661	0.782	0.975	0.08	0.665	0.37
250	0.875	0.452	0.752	0.841	0.342	0.806	0.368	1.29	1.313	0.29	1.08	0.341	0.665	0.837	0.956	0.632	0.669	0.315	0.535	0.578	0.736
265	0.972	0.452	1.107	0.986	0.632	1.399	0.564	0.825	0.565	0.687	0.511	0.733	0.383	1.833	0.42	0.359	0.411	0.318	0.601	0.462	0.381
280	0.665	0.397	0.661	0.866	0.327	0.92	0.401	0.776	1.092	0.288	0.865	0.569	0.728	0.802	0.396	0.413	0.991	0.264	0.996	0.704	0.551
300	0.849	0.447	0.806	0.361	0.415	0.369	0.446	0.83	0.687	0.576	0.366	0.42	0.727	1.597	0.713	0.405	0.543	0.49	0.415	0.429	0.872
315	0.444	0.446	0.603	0.563	0.528	0.795	0.236	1.264	0.455	0.366	1.552	0.695	0.593	0.499	0.335	0.321	0.854	0.312	0.755	0.693	0.546
335	0.706	0.484	0.457	0.445	0.34	0.996	0.441	0.941	0.763	0.853	2.178	0.492	0.606	0.519	0.554	0.694	0.769	0.349	0.924	0.519	0.694
355	0.541	0.221	0.324	0.546	0.299	0.449	0.398	0.894	0.676	0.806	1.572	0.449	0.878	0.489	0.468	0.392	0.976	0.481	0.459	0.47	0.799
375	0.756	0.433	0.456	0.506	0.471	0.962	0.321	0.788	0.8	1.202	1.005	0.438	0.847	0.543	0.683	0.342	0.691	0.299	0.275	0.102	0.774
400	0.585	0.268	0.266	0.638	0.368	0.823	0.345	0.642	0.816	1.075	0.509	0.715	0.366	0.341	0.76	0.53	0.897	0.288	0.492	0.585	0.527
425	0.619	0.414	0.407	0.576	0.245	0.773	0.483	0.864	0.58	2.51	1.025	0.543	0.793	0.827	0.749	0.572	0.652	0.504	0.445	0.427	0.589
450	0.627	0.39	0.511	0.585	0.161	0.75	0.405	0.627	0.889	2.383	0.571	0.555	0.434	0.449	0.282	0.498	0.819	0.351	0.53	0.161	0.542
475	0.55	0.31	0.501	0.804	0.185	0.642	0.342	0.518	0.892	1.85	0.562	0.494	0.76	0.231	0.604	0.319	0.595	0.079	0.404	0.319	0.391
500	0.691	0.082	0.394	0.487	0.252	0.839	0.426	0.699	0.726	1.421	0.447	0.493	0.582	0.987	0.375	0.343	0.573	0.39	0.49	0.465	0.504
530	0.582	0.124	0.226	0.428	0.35	0.766	0.457	0.701	0.714	2.368	0.209	0.512	0.502	0.752	0.553	0.551	0.693	0.39	0.251	0.399	0.524
560	0.745	0.371	0.305	0.593	0.169	0.607	0.495	0.66	0.868	1.309	0.432	0.568	0.657	0.655	0.391	0.248	0.633	0.49	0.349	0.411	0.673
600	0.698	0.333	0.345	0.751	0.187	0.694	0.242	0.546	0.92	1.773	0.454	0.477	0.762	0.5	0.39	0.384	0.64	0.441	0.407	0.526	0.562
630	0.555	0.395	0.278	0.631	0.325	0.706	0.373	0.749	0.894	0.96	0.7	0.606	0.567	0.651	0.281	0.373	0.625	0.593	0.487	0.431	0.764
670	0.732	0.176	0.305	0.587	0.166	0.64	0.658	0.824	0.956	0.424	0.506	0.466	0.732	1.067	0.315	0.205	0.777	0.601	0.267	0.342	0.793
710	0.727	0.418	0.317	0.779	0.338	0.721	0.551	0.705	0.963	0.363	0.609	0.536	0.772	0.432	0.31	0.509	0.657	0.437	0.294	0.457	0.637
750	0.623	0.281	0.41	0.637	0.326	0.817	0.523	0.688	0.918	0.467	0.535	0.456	0.618	1.125	0.581	0.329	0.638	0.541	0.193	0.516	0.835
800	0.642	0.427	0.457	0.837	0.418	0.655	0.446	0.682	0.882	0.211	0.524	0.507	0.704	1.502	0.515	0.267	0.669	0.26	0.416	0.377	0.649
850	0.872	0.46	0.376	0.741	0.399	0.705	0.473	0.765	0.869	0.196	0.494	0.453	0.866	0.915	0.478	0.36	0.609	0.563	0.353	0.277	0.64
900	0.823	0.245	0.27	0.62	0.245	0.53	0.402	0.643	0.792	0.333	0.692	0.643	0.759	0.675	0.488	0.3	0.745	0.248	0.306	0.379	0.759
950	0.786	0.355	0.338	0.858	0.352	0.844	0.275	0.759	0.708	0.482	0.726	0.587	0.638	0.577	0.579	0.267	0.83	0.465	0.327	0.43	0.767
1000	0.79	0.227	0.361	0.75	0.219	0.492	0.393	0.669	0.871	0.152	0.539	0.541	0.66	0.665	0.496	0.295	0.521	0.389	0.425	0.304	0.643
1060	0.837	0.295	0.253	0.619	0.172	0.704	0.43	0.726	0.75	0.284	0.574	0.552	0.551	0.364	0.497	0.511	0.471	0.545	0.399	0.321	0.58
1120	0.576	0.439	0.238	0.567	0.403	0.611	0.465	0.665	0.801	0.295	0.503	0.617	0.664	0.941	0.606	0.215	0.633	0.363	0.357	0.367	0.476
1180	0.718	0.252	0.373	0.693	0.235	0.69	0.389	0.7	0.932	0.317	0.491	0.568	0.706	0.745	0.382	0.368	0.587	0.294	0.386	0.339	0.67
1250	0.842	0.314	0.275	0.741	0.355	0.531	0.379	0.678	0.808	0.333	0.499	0.563	0.706	0.724	0.482	0.347	0.492	0.446	0.345	0.303	0.65
1320	0.791	0.366	0.366	0.696	0.419	0.601	0.351	0.769	0.914	0.204	0.535	0.549	0.695	0.698	0.47	0.331	0.568	0.494	0.339	0.41	0.688
1400	0.818	0.257	0.329	0.651	0.297	0.634	0.439	0.723	0.818	0.304	0.635	0.653	0.756	0.8	0.302	0.291	0.648	0.49	0.383	0.426	0.703
1500	1.01	0.408	0.395	0.811	0.428	0.759	0.467	0.715	0.992	0.164	0.638	0.568	0.854	0.755	0.519	0.427	0.685	0.569	0.412	0.399	0.801
1600	0.953	0.407	0.277	0.715	0.44	0.771	0.598	0.895	1.017	0.256	0.593	0.571	0.816	0.863	0.493	0.491	0.774	0.507	0.483	0.502	0.705
1700	1.038	0.423	0.475	0.856	0.539	0.839	0.704	0.812	1.108	0.42	0.785	0.953	1.366	1.036	0.668	0.614	0.774	0.614	0.41	0.611	0.833
1800	1.161	0.489	0.752	1.119	0.423	1.1	0.847	0.958	1.276	0.703	1.022	0.821	1.671	1.037	0.889	0.672	0.958	0.772	0.82	0.657	0.851
1900	1.896	0.843	0.958	1.126	0.439	1.007	0.834	1.164	1.4	0.693	1.933	0.799	0.99	1.291	0.852	0.727	0.945	0.971	0.699	0.608	0.921
2000	1.17	0.566	0.851	0.984	0.529	1.075	0.584	1.348	1.435	0.741	2.385	1.01	1.219	1.313	0.691	0.632	1.51	1.048	0.801	0.927	1.218
2120	1.668	0.645	0.765	1.245	0.614	1.253	0.641	1.115	1.619	0.484	1.609	1.035	1.248	1.451	0.938	0.728	1.157	0.859	0.556	1.089	1.183
2240	1.721	0.818	0.734	1.327	0.536	1.429	0.788	1.356	1.542	0.478	1.495	1.182	1.53	1.573	0.839	0.761	1.219	0.874	0.726	0.731	1.379
2360	1.999	0.814	0.671	1.738	0.726	1.642	0.999	1.488	2.389	0.683	1.478	1.17	1.909	1.736	1.083	1.151	1.667	0.78	0.846	1.143	1.777
2500	2.542	0.971	1.02	2.345	1.033	2.148	1.213	2.2	2.769	0.681	1.771	1.664	2.342	2.929	1.164	1.27	1.938	1.115	1.128	1.03	2.129
2650	3.39	1.481	1.459	3.16	1.566	2.749	2.146	2.823	3.638	1.196	2.406	2.489	3.09	3.42	1.514	1.95	2.519	2.063	1.471	1.607	2.785
2800	4.39	1.761	2.051	4.489	1.399	3.904	2.371	3.409	5.145	1.185	3.219	3.12	4.073	5.042	2.326	3.074	3.654	2.092	1.955	1.964	3.609
3000	4.282	2.179	1.808	3.796	2.243	3.421	2.251	2.884	4.598	1.803	3.046	2.75	4.509	5.283	2.213	2.953	3.312	2.071	1.775	2.051	3.723
3150	3.746	1.837	1.146	3.181	1.37	3.312	2.14	2.353	4.387	1.33	2.64	2.184	3.664	3.797	1.974	2.592	2.711	2.24	1.519	1.923	3.188
3350	3.053	1.505	1.341	2.528	1.02	2.301	1.656	2.126	2.985	1.055	2.155	1.528	2.895	3.361	1.794	2.229	2.658	1.155	1.136	1.548	2.474
3550	2.154	1.002	1.056	2.164	1.368	2.15	1.126	1.956	2.758	0.955	2.398	1.564	2.478	2.546	1.374	2.508	1.808	1.416	1.42	1.339	2.274
3750	2.051	0.99	1.115	2.133	0.808	2.097	1.362	1.731	2.383	0.908	1.89	1.636	2.456	2.902	1.253	3.153	1.764	1.202	0.937	1.285	2.139
4000	2.791	1.207	1.726	2.142	1.066	2.727	1.408	1.811	2.544	1.939	3.3	2.051	2.923	3.5	1.37	3.271	2.057	2.382	1.457	1.295	2.302
4250	2.377	1.199	1.102	2.942	1.031	1.703	1.64	2.03	2.654	1.031	2.43	2.203	3.419	4.858	1.687	2.143	1.995	1.687	1.349	1.547	2.926
4500	3.154	1.789	1.683	4.064	1.416	2.433	2.14	2.069	3.734	1.354	2.692	2.573	4.882	4.617	2.066	1.109	2.719	2.413	1.51	2.048	3.449
4750	5.055	2.458	2.056	3.92	2.142	3.336	2.869	2.345	5.2	1.894	2.085	1.884	3.133	2.597	3.178	0.736	3.462	2.5	1.898	1.85	3.113
5000	3.653	2.103	1.276	2.097	1.364	2.87	1.489	2.419	3.481	1.024	1.038	1.049	1.754	1.792	2.314	0.705	2.162	1.65	1.547	1.142	1.834
5300	1.925	1.016	0.69	1.224	0.957	1.483	0.893	1.505	2.179	0.603	1.123	0.74	1.238	1.154	1.17	0.61	1.222	0.995	0.865	0.867	1.161
5600	1.495	0.915	0.733	1.597	0.719	1.355	0.783	1.124	1.791	0.56	1.029	0.399	1.154	1.012	1.067	0.554	1.057	0.85	0.762	0.767	0.972
6000	4.553	2.434	3.007	4.459	1.889	4.611	2.653	3.427	4.622	1.909	3.072	1.4	3.882	3.595	2.538	2.239	3.474	2.3	2.168	2.319	3.183
6300	2.267	1.402	1.73	2.52	1.314	2.445	1.741	1.978	2.857	1.097	2.008	0.942	2.423	2.298	1.663	1.857	2.273	1.691	1.29	1.555	2.106
6700	1.174	0.874	0.89	1.382	0.647	1.317	1.051	1.127	1.467	0.723	1.101	0.63	1.438	1.328	0.941	1.319	1.37	0.874	0.747	0.929	1.184
7100	1.017	0.779	0.799	1.24	0.591	1.156	0.931	0.899	1.221	0.633	0.924	0.813	1.285	1.259	0.786	1.389	1.503	0.798	0.704	0.768	1.353
7500	1.025	0.846	0.842	1.345	0.637	1.213	0.995	0.964	1.335	0.75	1.045	1.01	1.47	1.547	0.859	1.631	1.608	0.944	0.744	0.861	1.495
8000	1.4	1.263	1.624	1.942	1.419	1.611	1.528	1.342	1.806	1.258	1.645	1.645	2.287	2.634	1.489	2.562	2.386	1.429	1.116	1.572	2.333
8500	3.093	3.375	4.573	4.793	3.834	3.784	3.936	3.092	4.067	3.365	4.377	4.251	6.188	7.569	3.759	7.913	5.949	3.712	2.59	4.209	6.172
9000	5.629	7.171	9.967	10.092	8.061	7.646	8.964	6.077	7.904	7.665	9.72	7.282	12.665	11.162	8.753	4.746	13.069	8.763	5.667	10.496	13.917
9500	3.435	4.985	5.71	4.349	4.399	4.366	5.21	3.488	4.396	3.74	3.305	2.18	4.22	1.444	5.484	3.703	5.548	4.515	3.055	4.119	4.793
10000	1.961	2.455	2.411	2.121	2.247	2.513	2.186	2.054	2.025	1.78	1.137	1.171	1.763	1.608	2.394	2.761	2.195	2.04	1.826	1.397	1.734
10600	1.011	1.117	1.056	0.916	1.075	1.167	0.983	1.081	1.064	0.918	0.87	0.758	0.448	0.954	1.051	0.996	1.178	1.025	0.918	0.921	1.055
11200	0.341	0.363	0.386	0.341	0.354	0.267	0.197	0.378	0.333	0.31	0.309	0.495	0.378	0.33	0.324	0.291	0.428	0.215	0.32	0.328	0.327
11800	0.21	0.142	0.274	0.199	0.204	0.211	0.191	0.195	0.204	0.188	0.186	0.208	0.201	0.188	0.18	0.154	0.216	0.17	0.185	0.186	0.189
12500	0.199	0.294	0.425	0.234	0.236	0.287	0.188	0.22	0.285	0.186	0.235	0.207	0.23	0.2	0.219	0.14	0.232	0.246	0.185	0.196	0.246
13200	0.345	0.296	0.359	0.274	0.308	0.338	0.446	0.265	0.375	0.27	0.283	0.148	0.296	0.305	0.302	0.357	0.276	0.328	0.246	0.209	0.259
14000	0.369	0.283	0.323	0.303	0.298	0.305	0.349	0.13	0.334	0.297	0.296	0.284	0.322	0.173	0.291	0.416	0.388	0.244	0.208	0.232	0.149
15000	1.046	1.319	1.226	1.054	1.405	1.042	1.366	1.569	0.868	1.215	1.098	0.742	1.184	1.098	1.235	1.338	1.115	0.965	0.727	1.158	0.628
16000	0.335	0.397	0.416	0.436	0.795	0.381	0.399	0.482	0.414	0.438	0.471	0.269	0.405	0.503	0.392	0.63	0.371	0.387	0.422	0.391	0.412
17000	0.414	0.379	0.325	0.342	0.55	0.339	0.352	0.341	0.446	0.441	0.327	0.237	0.307	0.396	0.406	0.417	0.33	0.388	0.367	0.36	0.246
18000	0.144	0.177	0.209	0.138	0.232	0.181	0.141	0.189	0.156	0.175	0.161	0.169	0.117	0.202	0.162	0.208	0.146	0.152	0.155	0.154	0.151
19000	0.193	0.207	0.161	0.173	0.22	0.16	0.174	0.175	0.169	0.172	0.138	0.143	0.13	0.138	0.175	0.149	0.125	0.171	0.158	0.134	0.11
20000	0.149	0.102	0.122	0.123	0.18	0.133	0.108	0.12	0.135	0.191	0.115	0.135	0.093	0.16	0.163	0.083	0.098	0.196	0.156	0.115	0.087
21200	0.017	0.018	0.02	0.002	0.03	0.026	0.02	0.005	0.02	0.028	0.03	0.013	0.02	0.036	0.036	0.024	0.021	0.014	0.018	0.027	0.002
22400	0.032	0.04	0.011	0.037	0.052	0.017	0.016	0.024	0.046	0.024	0.039	0.013	0.046	0.019	0.046	0.016	0.046	0.022	0.041	0.039	0.028
