## 13.11
〔bg=#BFBFBF,b〕TITLE		〔b〕TIU L5S3-01 R RESULT CHECK FRAME NG LOW GAUSS												〔bg=#BFBFBF,b〕Dept	〔bg=#BFBFBF,b〕ME
														〔bg=#BFBFBF,b〕Date	〔bg=#BFBFBF,b〕17-Nov
														〔bg=#BFBFBF,b〕Maker 	〔bg=#BFBFBF,b〕Nhung
〔bg=#BFBFBF,b〕I. Purpose.															
- New Frame happen NG low gauss, rate 2/8pcs ~ 12.5%															
=> Check reason NG															
〔bg=#BFBFBF,b〕II. Content.															
- Check gauss follow position 															
- Setting Magnetization 1 Point=> 2 Point															
〔bg=#BFBFBF,b〕III. Result.															
〔b〕1. Result test	〔b〕Spec: N > 150G														
	〔bg=#8DB4E2〕Type	〔bg=#8DB4E2〕Position	〔bg=#8DB4E2〕#1	〔bg=#8DB4E2〕#2	〔bg=#8DB4E2〕#3	〔bg=#8DB4E2〕#4	〔bg=#8DB4E2〕#5	〔bg=#8DB4E2〕#6	〔bg=#8DB4E2〕#7	〔bg=#8DB4E2〕#8	〔bg=#8DB4E2,fg=#FF0000〕Note				
	〔b〕Magnetization 1 point	Time 1	174	166	181	184	159	152	〔fg=#FF0000〕125	151					
		Re-check 1st					160	161	〔fg=#FF0000〕139	153	〔fg=#FF0000〕Same position				
		Re-check 2nd	165	169	157	157					Change Position 5~8 to 1~4 and check				
	〔bg=#D8E4BC,b〕Change Magnetization 2 point	〔bg=#D8E4BC〕1	〔bg=#D8E4BC〕176	〔bg=#D8E4BC〕168	〔bg=#D8E4BC〕175	〔bg=#D8E4BC〕163	〔bg=#D8E4BC〕175	〔bg=#D8E4BC〕166	〔bg=#D8E4BC〕167	〔bg=#D8E4BC〕157	〔bg=#D8E4BC〕After change Magnetiization from 1point => 2 point Result check Gauss OK				
		〔bg=#D8E4BC〕2	〔bg=#D8E4BC〕164	〔bg=#D8E4BC〕165	〔bg=#D8E4BC〕178	〔bg=#D8E4BC〕190	〔bg=#D8E4BC〕171	〔bg=#D8E4BC〕166	〔bg=#D8E4BC〕185	〔bg=#D8E4BC〕153					
		〔bg=#D8E4BC〕3	〔bg=#D8E4BC〕152	〔bg=#D8E4BC〕161	〔bg=#D8E4BC〕172	〔bg=#D8E4BC〕158	〔bg=#D8E4BC〕186	〔bg=#D8E4BC〕171	〔bg=#D8E4BC〕157	〔bg=#D8E4BC〕170					
		〔bg=#D8E4BC〕4	〔bg=#D8E4BC〕168	〔bg=#D8E4BC〕165	〔bg=#D8E4BC〕176	〔bg=#D8E4BC〕168	〔bg=#D8E4BC〕151	〔bg=#D8E4BC〕154	〔bg=#D8E4BC〕171	〔bg=#D8E4BC〕157					
		〔bg=#D8E4BC〕5	〔bg=#D8E4BC〕179	〔bg=#D8E4BC〕165	〔bg=#D8E4BC〕159	〔bg=#D8E4BC〕169	〔bg=#D8E4BC〕169	〔bg=#D8E4BC〕156	〔bg=#D8E4BC〕165	〔bg=#D8E4BC〕174					
〔bg=#BFBFBF,b〕III. Decision.															

## SPL
															9500	4.45699999999999													
															9000	12.394													
																								4.45699999999999				9500	9000
																												4.45699999999999	12.394
HZ	〔b〕OK										〔b〕편심											HZ	OK_MAX	OK-MIN	NG-MAX	NG-MIN			
	〔bg=#F2DCDB〕# 1	〔bg=#F2DCDB〕# 2	〔bg=#F2DCDB〕# 3	〔bg=#F2DCDB〕# 4	〔bg=#F2DCDB〕# 5	〔bg=#F2DCDB〕# 6	〔bg=#F2DCDB〕# 7	〔bg=#F2DCDB〕# 8	〔bg=#F2DCDB〕# 9	〔bg=#F2DCDB〕# 10	〔bg=#DCE6F1〕# 1	〔bg=#DCE6F1〕# 2	〔bg=#DCE6F1〕# 3	〔bg=#DCE6F1〕# 4	〔bg=#DCE6F1〕# 5	〔bg=#DCE6F1〕# 6	〔bg=#DCE6F1〕# 7	〔bg=#DCE6F1〕# 8	〔bg=#DCE6F1〕# 9	〔bg=#DCE6F1〕# 10	〔bg=#DCE6F1〕# 11	HZ	OK_MAX	OK-MIN	NG-MAX	NG-MIN			
20	70.78	70.787	71.877	71.556	72.726	70.123	71.499	72.281	71.485	73.446	73.036	72.911	72.063	75.229	71.973	73.214	72.974	71.916	72.988	70.653	72.399	20	73.446	70.123	75.229	70.653		3.32299999999999	4.57599999999999
21.2	73.02	72.79	71.364	72.57	73.007	71.306	71.493	71.955	72.807	73.96	73.724	72.802	73.359	74.606	72.502	73.929	73.472	72.986	73.604	71.409	73.569	21.2	73.96	71.306	74.606	71.409		2.654	3.19699999999999
22.4	73.287	72.554	71.715	71.566	74.182	71.76	72.569	72.936	72.36	74.807	73.771	73.566	73.505	76	72.525	74.168	74.11	73.047	74.202	72.798	72.85	22.4	74.807	71.566	76	72.525		3.241	3.47499999999999
23.6	74.852	72.085	72.336	73.238	74.536	72.815	73.006	73.664	73.956	74.788	74.554	73.769	73.513	75.456	71.959	73.894	73.701	74.099	73.617	72.724	74.122	23.6	74.852	72.085	75.456	71.959		2.76700000000001	3.497
25	74.082	73.499	73.603	73.602	74.079	72.799	74.276	74.597	73.813	75.571	74.833	74.786	74.465	76.288	71.691	73.924	74.568	74.159	73.955	73.782	73.839	25	75.571	72.799	76.288	71.691		2.77199999999999	4.59699999999999
26.5	74.647	73.975	74.238	74.097	75.192	73.595	74.745	73.817	74.501	75.826	75.396	74.771	75.087	76.962	73.166	75.785	75.164	74.924	75.171	73.118	74.415	26.5	75.826	73.595	76.962	73.118		2.23099999999999	3.84400000000001
28	74.596	73.444	74.603	74.502	75.06	73.632	74.387	74.108	74.464	75.831	75.611	75.542	75.627	77.234	74.123	75.405	75.286	74.389	75.505	74.181	75.353	28	75.831	73.444	77.234	74.123		2.387	3.11099999999999
30	75.003	74.818	74.87	74.455	75.912	73.741	74.124	75.237	74.982	76.543	76.111	76.332	75.795	77.717	73.87	76.109	75.281	75.059	76.571	74.389	75.996	30	76.543	73.741	77.717	73.87		2.80200000000001	3.84699999999999
31.5	75.211	74.537	75.288	75.136	76.467	75.134	75.043	76.076	75.327	77.214	76.375	76.68	76.434	77.477	74.929	76.773	76.172	75.872	76.018	75.459	75.926	31.5	77.214	74.537	77.477	74.929		2.67699999999999	2.548
33.5	75.523	75.66	75.72	75.759	76.483	75.513	75.617	76.168	75.526	77.766	78.215	76.72	76.834	78.66	75.047	76.991	77.127	75.973	76.657	75.474	76.326	33.5	77.766	75.513	78.66	75.047		2.253	3.613
35.5	77.048	75.95	75.733	76.224	77.117	75.804	77.475	76.021	77.43	77.999	77.542	76.932	77.14	78.859	75.91	77.693	77.44	76.454	77.006	76.115	76.563	35.5	77.999	75.733	78.859	75.91		2.26599999999999	2.949
37.5	76.939	76.522	76.423	76.351	78.355	75.967	76.679	76.653	76.9	78.734	78.014	78.178	77.846	79.629	76.185	77.708	77.908	77.479	77.433	76.586	77.651	37.5	78.734	75.967	79.629	76.185		2.767	3.444
40	77.377	76.635	75.909	76.58	77.387	75.92	76.304	77.927	77.883	78.595	78.302	77.845	78.368	80.562	76.549	77.985	78.555	78.08	78.469	77.212	78.231	40	78.595	75.909	80.562	76.549		2.68599999999999	4.01299999999999
42.5	78.033	80.325	76.836	77.09	78.71	76.672	77.406	78.587	77.724	79.392	78.925	78.794	78.874	79.799	77.31	79.077	79.559	77.78	78.722	76.929	77.997	42.5	80.325	76.672	79.799	76.929		3.65300000000001	2.87
45	78.392	79.011	77.175	77.848	78.825	77.422	77.611	78.293	78.462	79.44	79.179	78.953	79.014	80.739	78.059	78.931	79.54	79.084	79.233	78.613	78.662	45	79.44	77.175	80.739	78.059		2.265	2.68000000000001
47.5	78.465	77.805	77.149	77.669	79.114	77.538	78.18	80.584	78.505	80.162	79.839	79.016	79.628	81.009	78.082	79.202	79.974	78.716	79.815	79.351	79.358	47.5	80.584	77.149	81.009	78.082		3.435	2.92700000000001
50	79.02	78.559	78.452	78.428	79.433	77.993	78.592	77.727	78.759	80.606	79.362	79.746	79.919	81.2	77.441	80.16	80.632	79.336	79.552	78.792	79.163	50	80.606	77.727	81.2	77.441		2.87899999999999	3.759
53	79.164	78.71	78.994	78.973	79.629	77.97	78.919	79.321	79.403	80.592	79.922	79.884	80.367	81.825	79.385	79.695	80.933	79.664	80.247	78.756	79.897	53	80.592	77.97	81.825	78.756		2.622	3.069
56	79.495	79.104	79.401	79.15	79.23	78.659	79.2	79.609	79.744	81.297	80.38	80.255	79.183	82.285	78.941	80.601	80.808	80.509	80.559	79.051	80.199	56	81.297	78.659	82.285	78.941		2.63799999999999	3.34399999999999
60	80.071	79.827	79.635	79.345	80.653	79.089	79.352	80.123	80.236	81.853	81.145	80.822	81.227	82.513	79.653	81.363	80.83	80.574	80.731	79.119	80.523	60	81.853	79.089	82.513	79.119		2.764	3.39400000000001
63	80.17	79.787	80.416	79.844	80.187	78.772	79.985	80.828	80.364	81.551	81.588	80.843	81.443	83.131	80.243	81.487	81.641	80.536	81.345	80.517	80.418	63	81.551	78.772	83.131	80.243		2.779	2.888
67	80.77	80.262	79.962	80.346	81.371	79.331	80.358	80.829	80.755	82.273	81.69	81.52	81.021	83.059	80.272	82.008	81.522	81.283	81.448	80.155	81.174	67	82.273	79.331	83.059	80.155		2.94199999999999	2.904
71	81.326	81.235	80.628	80.863	81.545	80.269	80.807	81.122	81.226	82.579	81.804	82.096	81.453	83.858	80.549	82.188	81.798	81.362	81.725	80.595	81.284	71	82.579	80.269	83.858	80.549		2.30999999999999	3.309
75	81.555	80.614	80.997	81.404	82.073	80.727	80.745	81.513	81.751	82.829	82.54	82.029	82.602	83.969	80.75	82.857	82.055	81.623	82.15	81.101	81.467	75	82.829	80.614	83.969	80.75		2.21499999999999	3.21899999999999
80	81.763	81.209	81.085	81.505	82.382	80.945	81.062	81.429	81.997	83.268	82.656	82.714	82.59	84.223	81.269	82.908	82.886	82.058	82.717	81.941	82.181	80	83.268	80.945	84.223	81.269		2.32300000000001	2.95399999999999
85	81.842	81.73	81.691	81.495	82.416	81.099	81.442	82.411	82.29	83.414	83.238	82.924	82.856	84.639	81.564	83.089	82.8	82.246	82.888	81.93	82.479	85	83.414	81.099	84.639	81.564		2.315	3.075
90	82.51	81.76	81.892	81.95	82.678	81.49	81.759	82.592	82.613	83.647	83.381	82.948	83.241	84.86	81.884	83.419	83.343	82.653	83.097	82.396	82.775	90	83.647	81.49	84.86	81.884		2.15700000000001	2.976
95	82.796	81.949	82.26	82.203	83.009	81.743	82.237	83.072	82.823	84.027	83.689	83.427	83.646	85.117	82.405	83.622	83.654	82.857	83.181	82.767	83.199	95	84.027	81.743	85.117	82.405		2.28400000000001	2.712
100	82.926	82.152	82.504	82.588	83.146	82.208	82.315	83.078	83.02	84.096	83.95	83.678	83.624	85.414	82.442	83.888	83.804	83.223	83.731	83.239	83.34	100	84.096	82.152	85.414	82.442		1.944	2.97200000000001
106	82.871	82.438	82.704	82.896	83.433	81.972	82.555	83.326	83.395	84.492	84.042	83.832	84.067	85.584	82.597	84.005	84.132	83.407	83.732	83.052	83.529	106	84.492	81.972	85.584	82.597		2.52000000000001	2.98700000000001
112	83.156	82.843	82.913	82.738	83.671	82.416	82.75	83.237	83.744	84.587	84.358	84.045	84.297	85.903	83.163	84.284	84.251	83.496	84.032	83.483	83.818	112	84.587	82.416	85.903	83.163		2.17100000000001	2.74000000000001
118	83.37	82.995	83.019	83.125	83.943	82.538	83.095	83.587	83.625	84.783	84.51	84.291	84.435	85.94	83.26	84.374	84.433	83.808	84.285	83.548	83.875	118	84.783	82.538	85.94	83.26		2.245	2.67999999999999
125	83.645	83.122	83.093	83.523	84.011	82.902	82.95	83.847	84.025	84.997	84.657	84.712	84.618	86.263	83.461	84.766	84.624	83.808	84.476	83.931	84.07	125	84.997	82.902	86.263	83.461		2.095	2.80200000000001
132	83.837	83.249	83.453	83.607	84.221	83.104	83.265	84.182	84.143	85.211	84.788	84.66	84.836	86.302	83.525	84.782	84.945	84.092	84.677	84.098	84.336	132	85.211	83.104	86.302	83.525		2.107	2.777
140	84.183	83.472	83.441	83.835	84.242	83.404	83.507	84.46	84.352	85.322	84.923	84.916	85.12	86.537	83.611	85.083	84.915	84.33	84.774	84.19	84.467	140	85.322	83.404	86.537	83.611		1.91800000000001	2.926
150	84.176	83.579	83.639	83.932	84.429	83.499	83.615	84.469	84.646	85.506	85.101	85.193	85.263	86.639	83.962	85.266	85.192	84.389	85.03	84.497	84.614	150	85.506	83.499	86.639	83.962		2.00700000000001	2.67699999999999
160	84.346	83.749	83.682	84.113	84.666	83.635	83.783	84.972	84.728	85.642	85.209	85.36	85.444	86.913	84.04	85.286	85.414	84.598	85.23	84.687	84.936	160	85.642	83.635	86.913	84.04		2.00699999999999	2.87299999999999
170	84.379	83.855	83.973	84.225	84.664	83.791	83.945	85.021	85.029	85.791	85.341	85.497	85.601	86.985	84.24	85.328	85.419	84.814	85.366	84.7	84.908	170	85.791	83.791	86.985	84.24		2	2.745
180	84.622	83.796	83.806	84.338	84.792	83.956	84.057	85.194	85.075	85.892	85.415	85.55	85.743	87.03	84.309	85.483	85.478	84.749	85.413	84.91	85.07	180	85.892	83.796	87.03	84.309		2.09599999999999	2.721
190	84.58	84.086	83.844	84.429	84.85	84.088	83.906	85.001	85.172	86.007	85.533	85.769	85.763	87.187	84.429	85.492	85.534	84.802	85.548	85.161	85.032	190	86.007	83.844	87.187	84.429		2.16300000000001	2.758
200	84.705	83.9	83.869	84.786	84.937	84.304	84.407	85.366	85.28	86.029	85.51	85.8	85.76	87.24	84.571	85.433	85.772	84.884	85.637	85.215	85.147	200	86.029	83.869	87.24	84.571		2.16	2.669
212	84.733	83.924	84.099	84.752	84.959	84.056	83.996	85.729	85.439	86.146	85.502	85.982	85.882	87.138	84.64	85.547	85.916	84.93	85.647	85.138	85.284	212	86.146	83.924	87.138	84.64		2.22199999999999	2.49800000000001
224	84.812	84.021	84.101	84.756	84.958	84.461	84.155	85.456	85.491	86.244	85.51	86.019	85.798	87.221	84.695	85.485	85.945	85.001	85.753	85.287	85.336	224	86.244	84.021	87.221	84.695		2.223	2.52600000000001
236	84.787	84.02	84.155	84.913	84.92	84.473	84.235	85.639	85.503	86.226	85.691	86.119	86.051	87.319	84.635	85.541	85.823	85.164	85.831	85.424	85.125	236	86.226	84.02	87.319	84.635		2.206	2.684
250	84.764	84.171	84.057	84.734	84.902	84.49	84.178	85.771	85.535	86.196	85.698	86.11	86.036	87.292	84.708	85.62	85.756	85.121	85.833	85.451	85.175	250	86.196	84.057	87.292	84.708		2.139	2.584
265	84.723	84.211	84.324	84.757	84.957	84.443	84.205	85.998	85.52	86.246	85.732	86.226	85.97	87.261	84.707	85.684	85.761	84.954	85.965	85.484	85.292	265	86.246	84.205	87.261	84.707		2.041	2.554
280	84.819	84.097	84.228	84.923	84.996	84.471	84.292	85.905	85.577	86.188	85.608	86.158	86.063	87.124	84.835	85.557	85.904	85.259	86.094	85.466	85.23	280	86.188	84.097	87.124	84.835		2.09100000000001	2.289
300	84.833	84.203	83.97	84.822	84.924	84.463	84.22	86.036	85.64	86.286	85.652	86.305	85.947	87.097	84.553	85.473	85.857	85.066	85.917	85.387	85.207	300	86.286	83.97	87.097	84.553		2.316	2.544
315	84.835	84.106	83.936	84.752	84.827	84.477	84.136	85.745	85.669	86.323	85.403	86.337	86	87.059	84.561	85.444	85.835	85.13	85.938	85.519	85.252	315	86.323	83.936	87.059	84.561		2.38699999999999	2.49799999999999
335	84.837	84.132	84.151	84.692	84.89	84.475	84.118	85.9	85.728	86.252	85.367	86.398	85.999	86.923	84.553	85.48	85.801	85.058	85.908	85.404	85.1	335	86.252	84.118	86.923	84.553		2.134	2.37
355	84.768	83.97	83.956	84.674	84.841	84.476	84.029	86.264	85.715	86.119	85.196	86.333	85.978	86.941	84.644	85.463	85.737	85.026	85.9	85.351	85.111	355	86.264	83.956	86.941	84.644		2.30799999999999	2.297
375	84.651	83.971	84.113	84.684	84.741	84.437	84.042	86.105	85.656	86.195	85.325	86.384	85.912	86.905	84.451	85.438	85.645	84.935	85.997	85.376	85.076	375	86.195	83.971	86.905	84.451		2.22399999999999	2.45400000000001
400	84.861	84.007	84.027	84.697	84.654	84.494	83.953	86.092	85.696	86.105	85.201	86.348	85.764	86.784	84.525	85.372	85.601	84.93	85.861	85.229	84.986	400	86.105	83.953	86.784	84.525		2.152	2.259
425	84.582	83.849	84.003	84.446	84.634	84.38	83.911	86.13	85.668	86.058	85.263	86.398	85.816	86.747	84.576	85.325	85.525	84.78	85.729	85.241	84.942	425	86.13	83.849	86.747	84.576		2.28099999999999	2.17100000000001
450	84.554	83.898	84.11	84.504	84.538	84.422	83.865	85.921	85.66	86.101	85.244	86.376	85.744	86.665	84.422	85.268	85.538	84.682	85.793	85.154	84.879	450	86.101	83.865	86.665	84.422		2.236	2.24300000000001
475	84.474	83.827	83.915	84.446	84.496	84.263	83.914	85.917	85.571	86.009	84.93	86.333	85.638	86.628	84.336	85.238	85.449	84.688	85.924	85.129	84.853	475	86.009	83.827	86.628	84.336		2.182	2.292
500	84.507	83.828	83.882	84.32	84.522	84.13	83.803	86.121	85.59	85.893	85.072	86.3	85.601	86.443	84.29	85.178	85.304	84.691	85.49	85.131	84.807	500	86.121	83.803	86.443	84.29		2.318	2.15299999999999
530	84.504	83.788	83.855	84.457	84.364	84.347	83.762	86.018	85.464	85.746	84.815	86.313	85.539	86.499	84.266	85.085	85.306	84.6	85.777	84.959	84.768	530	86.018	83.762	86.499	84.266		2.256	2.23299999999999
560	84.426	83.725	83.829	84.292	84.398	83.999	83.698	86.016	85.463	85.688	85.203	86.23	85.435	86.398	84.288	85.015	85.215	84.514	85.673	84.95	84.665	560	86.016	83.698	86.398	84.288		2.31800000000001	2.11
600	84.313	83.759	83.873	84.248	84.364	83.911	83.738	85.939	85.426	85.729	85.246	86.203	85.412	86.26	84.256	85.05	85.037	84.452	85.562	84.916	84.701	600	85.939	83.738	86.26	84.256		2.20099999999999	2.004
630	84.184	83.684	83.802	84.236	84.252	84.149	83.702	85.867	85.372	85.581	84.504	86.201	85.332	86.256	84.276	85.016	85.112	84.498	85.487	84.868	84.607	630	85.867	83.684	86.256	84.276		2.18300000000001	1.98
670	84.204	83.707	83.796	84.11	84.188	83.992	83.701	85.987	85.295	85.604	84.81	86.146	85.241	86.205	84.184	85	85.02	84.412	85.421	84.825	84.562	670	85.987	83.701	86.205	84.184		2.286	2.021
710	84.173	83.653	83.822	84.199	84.204	84.033	83.665	85.921	85.312	85.542	84.806	86.118	85.265	86.104	84.296	85.051	85.063	84.356	85.413	84.774	84.608	710	85.921	83.653	86.118	84.296		2.268	1.82199999999999
750	84.212	83.758	83.842	84.124	84.253	83.942	83.671	85.885	85.291	85.508	84.593	86.123	85.218	86.14	84.232	85.041	85.055	84.378	85.428	84.803	84.628	750	85.885	83.671	86.14	84.232		2.214	1.908
800	84.229	83.833	83.966	84.168	84.3	84.005	83.826	85.99	85.341	85.571	84.732	86.152	85.269	86.11	84.244	85.1	85.07	84.442	85.403	84.808	84.644	800	85.99	83.826	86.152	84.244		2.164	1.908
850	84.301	83.939	84.046	84.265	84.423	84.101	83.926	86.031	85.386	85.657	84.847	86.244	85.348	86.205	84.342	85.222	85.139	84.525	85.487	84.913	84.758	850	86.031	83.926	86.244	84.342		2.105	1.902
900	84.43	84.096	84.253	84.377	84.549	84.216	84.053	86.194	85.523	85.746	84.957	86.378	85.489	86.305	84.55	85.352	85.299	84.655	85.607	85.068	84.919	900	86.194	84.053	86.378	84.55		2.141	1.828
950	84.623	84.305	84.432	84.579	84.754	84.373	84.292	86.328	85.661	85.833	85.133	86.516	85.633	86.534	84.733	85.585	85.439	84.86	85.75	85.219	85.125	950	86.328	84.292	86.534	84.733		2.036	1.801
1000	84.78	84.54	84.685	84.788	84.95	84.563	84.517	86.51	85.863	86.073	85.351	86.692	85.823	86.677	84.985	85.772	85.656	85.054	85.934	85.437	85.32	1000	86.51	84.517	86.692	84.985		1.99300000000001	1.70699999999999
1060	85.066	84.842	84.993	85.054	85.235	84.79	84.815	86.736	86.078	86.274	85.609	86.928	86.083	86.961	85.249	86.095	85.916	85.327	86.171	85.71	85.611	1060	86.736	84.79	86.961	85.249		1.946	1.712
1120	85.301	85.113	85.288	85.296	85.495	85.038	85.081	86.968	86.299	86.533	85.868	87.154	86.329	87.196	85.521	86.349	86.167	85.58	86.362	85.978	85.86	1120	86.968	85.038	87.196	85.521		1.93000000000001	1.675
1180	85.526	85.377	85.548	85.515	85.747	85.254	85.346	87.149	86.51	86.692	86.118	87.347	86.545	87.426	85.787	86.628	86.4	85.819	86.558	86.205	86.106	1180	87.149	85.254	87.426	85.787		1.895	1.639
1250	85.748	85.613	85.795	85.78	85.987	85.449	85.596	87.33	86.672	86.894	86.33	87.505	86.76	87.654	86.044	86.882	86.623	86.046	86.769	86.438	86.352	1250	87.33	85.449	87.654	86.044		1.881	1.61
1320	85.902	85.821	86.007	85.925	86.166	85.598	85.793	87.438	86.818	87.042	86.51	87.615	86.931	87.817	86.243	87.081	86.786	86.244	86.902	86.614	86.554	1320	87.438	85.598	87.817	86.243		1.84	1.574
1400	86.057	86.01	86.204	86.138	86.368	85.738	85.996	87.553	86.936	87.168	86.692	87.749	87.093	87.972	86.415	87.279	86.956	86.41	86.98	86.796	86.743	1400	87.553	85.738	87.972	86.41		1.815	1.562
1500	86.222	86.227	86.422	86.298	86.552	85.9	86.211	87.651	87.066	87.324	86.887	87.834	87.271	88.156	86.63	87.505	87.145	86.611	87.137	86.983	86.957	1500	87.651	85.9	88.156	86.611		1.75099999999999	1.545
1600	86.379	86.424	86.621	86.476	86.732	86.022	86.398	87.75	87.181	87.465	87.067	87.937	87.434	88.321	86.819	87.709	87.319	86.786	87.273	87.163	87.154	1600	87.75	86.022	88.321	86.786		1.72799999999999	1.535
1700	86.563	86.634	86.835	86.665	86.947	86.204	86.626	87.829	87.326	87.632	87.265	88.049	87.609	88.497	87.036	87.933	87.512	86.974	87.415	87.342	87.359	1700	87.829	86.204	88.497	86.974		1.625	1.523
1800	86.757	86.887	87.082	86.89	87.171	86.392	86.871	87.974	87.495	87.808	87.485	88.228	87.84	88.744	87.256	88.184	87.731	87.208	87.57	87.588	87.593	1800	87.974	86.392	88.744	87.208		1.58200000000001	1.536
1900	86.973	87.133	87.321	87.175	87.408	86.592	87.116	88.146	87.681	88.001	87.713	88.358	88.045	88.978	87.481	88.425	87.949	87.44	87.742	87.821	87.825	1900	88.146	86.592	88.978	87.44		1.554	1.538
2000	87.223	87.383	87.575	87.383	87.655	86.81	87.36	88.306	87.892	88.217	87.954	88.543	88.292	89.241	87.736	88.69	88.202	87.673	87.93	88.049	88.072	2000	88.306	86.81	89.241	87.673		1.49599999999999	1.568
2120	87.524	87.715	87.905	87.688	87.975	87.093	87.685	88.534	88.168	88.51	88.272	88.79	88.593	89.509	88.053	89.038	88.514	87.977	88.289	88.367	88.394	2120	88.534	87.093	89.509	87.977		1.441	1.532
2240	87.846	88.067	88.261	87.996	88.312	87.43	88.035	88.781	88.474	88.831	88.609	89.06	88.929	89.856	88.409	89.395	88.848	88.315	88.571	88.712	88.739	2240	88.831	87.43	89.856	88.315		1.401	1.541
2360	88.198	88.433	88.635	88.37	88.673	87.76	88.406	89.061	88.796	89.172	88.978	89.368	89.289	90.187	88.787	89.783	89.211	88.681	88.893	89.073	89.097	2360	89.172	87.76	90.187	88.681		1.41199999999999	1.506
2500	88.622	88.89	89.085	88.814	89.129	88.171	88.873	89.414	89.203	89.597	89.429	89.747	89.735	90.66	89.233	90.255	89.646	89.139	89.297	89.505	89.556	2500	89.597	88.171	90.66	89.139		1.42599999999999	1.521
2650	89.118	89.404	89.612	89.32	89.641	88.657	89.39	89.839	89.667	90.082	89.937	90.198	90.244	91.179	89.743	90.798	90.151	89.652	89.772	90.013	90.065	2650	90.082	88.657	91.179	89.652		1.425	1.527
2800	89.639	89.954	90.151	89.847	90.179	89.167	89.938	90.28	90.169	90.6	90.467	90.675	90.767	91.714	90.256	91.362	90.682	90.179	90.275	90.55	90.605	2800	90.6	89.167	91.714	90.179		1.43299999999999	1.535
3000	90.375	90.707	90.908	90.596	90.923	89.883	90.687	90.924	90.862	91.318	91.221	91.344	91.52	92.463	91.017	92.155	91.423	90.916	90.979	91.296	91.351	3000	91.318	89.883	92.463	90.916		1.435	1.547
3150	90.963	91.309	91.511	91.198	91.523	90.474	91.296	91.458	91.431	91.901	91.825	91.914	92.124	93.078	91.618	92.791	92.026	91.524	91.552	91.892	91.955	3150	91.901	90.474	93.078	91.524		1.42699999999999	1.554
3350	91.798	92.171	92.372	92.04	92.378	91.291	92.149	92.23	92.236	92.73	92.684	92.717	92.973	93.94	92.464	93.688	92.865	92.362	92.368	92.732	92.811	3350	92.73	91.291	93.94	92.362		1.43900000000001	1.578
3550	92.695	93.085	93.293	92.952	93.284	92.19	93.061	93.064	93.108	93.628	93.601	93.591	93.892	94.872	93.367	94.659	93.769	93.266	93.241	93.642	93.726	3550	93.628	92.19	94.872	93.241		1.438	1.631
3750	93.674	94.078	94.29	93.94	94.272	93.15	94.052	93.986	94.053	94.59	94.593	94.543	94.889	95.866	94.344	95.709	94.749	94.244	94.195	94.63	94.713	3750	94.59	93.15	95.866	94.195		1.44	1.67100000000001
4000	95.021	95.441	95.656	95.308	95.623	94.478	95.415	95.275	95.391	95.952	95.963	95.871	96.258	97.25	95.693	97.146	96.109	95.601	95.517	95.996	96.083	4000	95.952	94.478	97.25	95.517		1.474	1.733
4250	96.554	96.992	97.203	96.843	97.161	95.994	96.979	96.738	96.924	97.511	97.516	97.381	97.812	98.823	97.228	98.786	97.662	97.144	97.042	97.546	97.639	4250	97.511	95.994	98.823	97.042		1.517	1.78099999999999
4500	98.332	98.757	98.98	98.593	98.939	97.756	98.782	98.44	98.693	99.303	99.302	99.157	99.613	100.64	98.994	100.671	99.455	98.93	98.808	99.349	99.446	4500	99.303	97.756	100.671	98.808		1.547	1.863
4750	100.36	100.819	101.051	100.63	100.998	99.862	100.851	100.444	100.738	101.383	101.377	101.283	101.715	102.753	101.046	102.854	101.516	101.005	100.861	101.43	101.523	4750	101.383	99.862	102.854	100.861		1.521	1.99299999999999
5000	102.741	103.21	103.442	103.004	103.392	102.239	103.261	102.801	103.126	103.791	103.789	103.697	104.127	105.216	103.411	105.386	103.915	103.402	103.263	103.819	103.925	5000	103.791	102.239	105.386	103.263		1.55199999999999	2.12299999999999
5300	105.977	106.444	106.693	106.235	106.631	105.422	106.507	105.963	106.333	107.048	107.053	106.91	107.405	108.506	106.632	108.826	107.166	106.632	106.452	107.059	107.174	5300	107.048	105.422	108.826	106.452		1.626	2.37399999999999
5600	108.76	109.219	109.541	109.093	109.475	108.251	109.354	108.8	109.152	109.921	109.97	109.811	110.333	111.466	109.497	111.948	110.038	109.536	109.308	109.958	110.072	5600	109.921	108.251	111.948	109.308		1.67	2.63999999999999
6000	108.786	109.227	109.743	109.342	109.599	108.387	109.513	109.084	109.27	110.101	110.275	110.121	110.692	111.865	109.802	112.673	110.306	109.855	109.551	110.345	110.429	6000	110.101	108.387	112.673	109.551		1.714	3.122
6300	107.189	107.66	108.242	107.839	108.038	106.814	107.995	107.533	107.702	108.568	108.817	108.665	109.278	110.496	108.334	111.618	108.844	108.359	108.01	108.957	109.012	6300	108.568	106.814	111.618	108.01		1.75400000000001	3.60799999999999
6700	105.578	106.092	106.732	106.303	106.464	105.247	106.484	105.932	106.132	107.061	107.363	107.301	107.894	109.198	106.827	110.89	107.41	106.832	106.425	107.596	107.594	6700	107.061	105.247	110.89	106.425		1.81400000000001	4.465
7100	104.903	105.465	106.239	105.795	105.873	104.613	106.001	105.334	105.538	106.552	106.948	106.949	107.579	109.001	106.347	111.565	107.053	106.302	105.828	107.276	107.223	7100	106.552	104.613	111.565	105.828		1.93900000000001	5.73699999999999
7500	105.097	105.774	106.772	106.242	106.219	104.901	106.466	105.558	105.774	106.984	107.562	107.609	108.312	109.89	106.76	113.621	107.7	106.739	106.12	107.625	107.912	7500	106.984	104.901	113.621	106.12		2.083	7.50099999999999
8000	106.351	107.187	108.441	107.838	107.631	106.309	108.003	106.775	107.101	108.59	109.482	109.646	110.457	112.368	107.04	113.879	109.648	108.381	107.497	107.929	109.547	8000	108.59	106.309	113.879	107.04		2.28100000000001	6.839
8500	108.715	109.771	110.417	110.139	110.352	108.697	110.694	108.983	109.644	111.549	112.538	112.718	113.442	115.842	109.563	108.532	112.145	111.261	109.988	110.922	112.054	8500	111.549	108.697	115.842	108.532		2.852	7.31
9000	112.886	114.43	114.535	113.619	114.537	112.632	114.895	112.073	114.069	115.562	116.17	114.025	116.114	115.717	113.674	103.776	115.534	115.723	113.532	115.894	115.659	9000	115.562	112.073	116.17	103.776		3.489	12.394
9500	117.926	119.473	117.52	117.183	118.372	116.546	118.121	115.016	117.994	117.327	114.668	111.017	113.817	112.699	118.291	107.402	115.995	117.975	116.469	116.717	115.392	9500	119.473	115.016	118.291	107.402		4.45699999999999	10.889
10000	117.344	116.977	114.137	114.831	116.042	115.255	115.006	114.425	116.131	114.435	111.751	107.552	110.89	111.829	115.86	111.564	113.262	114.714	114.798	113.585	112.829	10000	117.344	114.137	115.86	107.552		3.20699999999999	8.30799999999999
10600	114.403	114.043	111.029	112.186	113.81	112.955	112.133	112.978	113.768	112.524	111.944	108.706	110.576	110.774	113.291	110.39	112.358	112.393	113.069	112.484	111.397	10600	114.403	111.029	113.291	108.706		3.37400000000001	4.58499999999999
11200	114.742	114.09	113.463	113.832	114.218	113.525	113.322	113.526	114.477	113.41	113.115	113.474	112.718	111.975	113.762	111.396	113.522	113.452	113.659	113.354	112.437	11200	114.742	113.322	113.762	111.396		1.42	2.366
11800	119.644	120.196	120.694	119.4	119.559	119.144	119.335	118.469	119.214	118.82	118.525	118.518	118.066	117.585	119.211	116.927	118.911	118.69	118.825	118.712	117.756	11800	120.694	118.469	119.211	116.927		2.22500000000001	2.28399999999999
12500	116.807	117.3	117.719	117.266	116.817	116.487	116.521	117.113	116.728	116.591	116.62	116.233	116.636	115.895	117.562	115.34	117.179	117.228	117.218	116.948	115.892	12500	117.719	116.487	117.562	115.34		1.232	2.22199999999999
13200	108.198	108.535	108.858	108.237	107.954	107.599	108.016	107.93	107.959	107.794	107.754	107.258	107.811	107.231	108.849	106.838	108.449	108.165	108.192	108.059	107.306	13200	108.858	107.599	108.849	106.838		1.259	2.01100000000001
14000	103.332	103.797	103.884	103.379	102.99	102.772	103.194	103.047	103.131	102.933	102.998	102.666	103.098	102.769	103.902	102.234	103.712	103.264	103.209	103.19	103.562	14000	103.884	102.772	103.902	102.234		1.11199999999999	1.66800000000001
15000	100.812	101.255	101.26	100.737	100.714	100.275	100.67	100.602	100.713	100.602	100.533	100.526	100.562	100.704	101.213	99.882	101.168	100.78	100.765	100.562	101.414	15000	101.26	100.275	101.414	99.882		0.984999999999999	1.532
16000	101.37	101.791	101.754	101.117	101.975	100.732	101.164	100.882	101.26	101.102	100.964	100.98	101.046	101.337	101.668	100.657	101.622	101.096	101.12	101.197	101.863	16000	101.975	100.732	101.863	100.657		1.24299999999999	1.206
17000	105.887	106.431	106.341	105.552	106.403	105.152	105.687	105.089	105.686	105.523	105.398	105.375	105.615	105.783	106.098	105.419	106.13	105.356	105.369	105.664	106.316	17000	106.431	105.089	106.316	105.356		1.342	0.960000000000008
18000	108.204	108.52	108.792	108.708	109.047	107.84	108.284	108.744	108.281	108.545	108.604	108.545	108.684	109.001	108.997	108.563	109.129	108.793	108.74	108.621	109.324	18000	109.047	107.84	109.324	108.545		1.20699999999999	0.778999999999996
19000	100.633	101.007	101.171	100.906	101.429	100.32	100.761	100.905	100.72	100.965	100.928	100.981	101.013	101.435	101.263	101.194	101.512	101.111	101.111	100.973	101.63	19000	101.429	100.32	101.63	100.928		1.10900000000001	0.701999999999998
20000	98.006	98.396	98.452	98.031	98.665	97.545	98.053	97.932	98.028	98.165	98.129	98.257	98.217	98.641	98.431	98.583	98.719	98.174	98.195	98.176	98.799	20000	98.665	97.545	98.799	98.129		1.12	0.670000000000002
21200	98.216	98.629	98.68	98.247	98.809	97.746	98.308	98.133	98.276	98.387	98.37	98.511	98.503	98.91	98.575	98.755	99.028	98.351	98.416	98.408	99.001	21200	98.809	97.746	99.028	98.351		1.063	0.677000000000007
22400	93.915	94.243	94.344	94.103	94.49	93.426	93.977	94.065	93.991	94.127	94.264	94.493	94.366	94.778	94.336	95.108	94.861	94.201	94.238	94.192	94.843	22400	94.49	93.426	95.108	94.192		1.06399999999999	0.916000000000011
23600	94.206	94.633	94.634	94.003	94.702	93.64	94.278	93.894	94.181	94.294	94.367	94.636	94.449	94.896	94.326	95.895	94.954	94.179	94.16	94.211	95.18	23600	94.702	93.64	95.895	94.16		1.062	1.735
25000	102.747	103.301	103.174	102.165	103.158	102.055	102.887	101.889	102.599	102.66	102.693	102.909	102.808	103.289	102.617	105.036	103.351	102.261	102.294	102.564	103.886	25000	103.301	101.889	105.036	102.261		1.41200000000001	2.77500000000001
26500	99.434	99.853	99.998	99.83	100.187	98.982	99.855	99.928	99.729	99.9	100.159	100.361	100.502	100.911	100.085	102.07	101.074	100.088	100.029	100.162	101.845	26500	100.187	98.982	102.07	100.029		1.205	2.041
28000	97.434	98.146	97.945	97.321	98.056	96.661	98.073	97.364	97.638	97.626	97.882	98.4	98.136	98.762	97.788	94.984	98.665	97.702	97.499	98.048	99.557	28000	98.146	96.661	99.557	94.984		1.485	4.57300000000001
30000	107.93	108.536	108.503	107.901	108.487	107.493	108.106	107.089	107.377	108.129	108.734	109.706	107.873	109.635	107.016	103.246	109.542	106.752	107.825	108.044	110.468	30000	108.536	107.089	110.468	103.246		1.447	7.22200000000001
31500	102.061	102.482	102.931	103	102.929	102.392	102.444	103.088	102.595	103.093	103.876	105.122	103.482	104.991	102.593	100.204	104.766	102.774	102.78	103.072	105.655	31500	103.093	102.061	105.655	100.204		1.032	5.45100000000001
33500	105.112	105.79	105.714	105.332	104.868	104.738	105.383	104.595	105.22	105.27	106.289	106.955	105.146	107.362	104.794	102.119	106.488	104.248	104.779	105.649	106.58	33500	105.79	104.595	107.362	102.119		1.19500000000001	5.24299999999999
35500	102.922	103.191	103.754	103.379	103.454	102.885	103.167	103.394	103.27	103.185	104.271	103.761	104.543	105.397	103.392	102.04	104.747	103.172	103.542	103.765	105.2	35500	103.754	102.885	105.397	102.04		0.869	3.357
37500	98.35	98.024	98.451	97.474	97.483	97.388	97.205	98.423	98.008	96.962	98.682	96.975	98.723	98.535	98.098	93.65	97.641	97.965	99.027	99.174	97.221	37500	98.451	96.962	99.174	93.65		1.48899999999999	5.524
40000	91.172	90.217	93.148	93.152	90.904	93.45	91.055	95.827	92.173	93.749	93.497	92.367	92.857	93.462	91.583	91.3	91.831	93.246	94.327	93.219	92.371	40000							
